矩阵相乘
1.00,3.00,5.00,0.00,2.00,4.00,6.00,0.00,0.00,2.00,8.00,0.00,4.00,2.00,1.00,1.00	1.00,2.00,3.00,4.00,5.00,6.00,7.00,8.00,9.00,10.00,11.00,12.00,13.00,14.00,15.00,16.00	21.00,25.00,45.00,4.00,49.00,69.00,125.00,8.00,77.00,113.00,205.00,12.00,105.00,157.00,285.00,16.00
矩阵乘向量
2.00,4.00,6.00,8.00,1.00,3.00,5.00,7.00,0.00,1.00,2.00,3.00,4.00,5.00,6.00,7.00	5.00,3.00,1.00	13.00,30.00,47.00
矩阵乘位置
2.00,4.00,6.00,8.00,1.00,3.00,5.00,7.00,0.00,1.00,2.00,3.00,4.00,5.00,6.00,7.00	5.00,3.00,1.00	17.00,35.00,53.00
矩阵设置旋转
30.00	1.00,2.00,3.00	0.88,0.42,-0.24,0.00,-0.38,0.90,0.19,0.00,0.30,-0.08,0.95,0.00,0.00,0.00,0.00,1.00
矩阵设置平移
4.00,5.00,6.00	1.00,0.00,0.00,0.00,0.00,1.00,0.00,0.00,0.00,0.00,1.00,0.00,4.00,5.00,6.00,1.00
矩阵设置缩放
3.00,6.00,9.00	3.00,0.00,0.00,0.00,0.00,6.00,0.00,0.00,0.00,0.00,9.00,0.00,0.00,0.00,0.00,1.00
矩阵求逆
1.00,3.00,5.00,0.00,2.00,4.00,6.00,0.00,0.00,2.00,8.00,0.00,4.00,2.00,1.00,1.00	-2.50,1.75,0.25,0.00,2.00,-1.00,-0.50,-0.00,-0.50,0.25,0.25,0.00,6.50,-5.25,-0.25,1.00
