OBJ 0,0,0 0,0,0,1 1,1,1
A-15 0,6,0 0,0,0,1 1,12,1
A-1 -1.02185,6,0.0228472 0,0.0223531,0,0.99975 1,12,1
A-2 -2.04152,6,0.0911786 0,0.0445437,0,0.999007 1,12,1
A-3 -3.05689,6,0.204374 0,0.0664157,0,0.997792 1,12,1
A-4 -4.06598,6,0.361429 0,0.0878231,0,0.996136 1,12,1
A-5 -5.06697,6,0.560993 0,0.108634,0,0.994082 1,12,1
A-6 -6.05827,6,0.801421 0,0.128736,0,0.991679 1,12,1
A-7 -7.03853,6,1.08083 0,0.148034,0,0.988982 1,12,1
A-8 -8.00663,6,1.39716 0,0.166455,0,0.986049 1,12,1
A-9 -8.96176,6,1.74822 0,0.183943,0,0.982937 1,12,1
A-10 -9.90333,6,2.13177 0,0.200464,0,0.979701 1,12,1
A-11 -10.831,6,2.54553 0,0.215997,0,0.976394 1,12,1
A-12 -11.7446,6,2.98725 0,0.230536,0,0.973064 1,12,1
A-13 -12.6443,6,3.45471 0,0.244088,0,0.969753 1,12,1
A-14 -13.5302,6,3.94579 0,0.256668,0,0.9665 1,12,1
A-16 1.02185,6,0.0228472 0,-0.0223531,0,0.99975 1,12,1
A-17 2.04152,6,0.0911786 0,-0.0445437,0,0.999007 1,12,1
A-18 3.05689,6,0.204374 0,-0.0664157,0,0.997792 1,12,1
A-19 4.06598,6,0.361429 0,-0.0878231,0,0.996136 1,12,1
A-20 5.06697,6,0.560993 0,-0.108634,0,0.994082 1,12,1
A-21 6.05827,6,0.801421 0,-0.128736,0,0.991679 1,12,1
A-22 7.03853,6,1.08083 0,-0.148034,0,0.988982 1,12,1
A-23 8.00663,6,1.39716 0,-0.166455,0,0.986049 1,12,1
A-24 8.96176,6,1.74822 0,-0.183943,0,0.982937 1,12,1
A-25 9.90333,6,2.13177 0,-0.200464,0,0.979701 1,12,1
A-26 10.831,6,2.54553 0,-0.215997,0,0.976394 1,12,1
A-27 11.7446,6,2.98725 0,-0.230536,0,0.973064 1,12,1
A-28 12.6443,6,3.45471 0,-0.244088,0,0.969753 1,12,1
A-29 13.5302,6,3.94579 0,-0.256668,0,0.9665 1,12,1
B1-1_1 -4,-2.4,16.5 0,0,0,1 1,5,1
B1-2_1 -4,-2.4,15.5 0,0,0,1 1,5,1
B1-3_1 -4,-2.4,14.5 0,0,0,1 1,5,1
B1-4_1 -4,-2.4,13.5 0,0,0,1 1,5,1
B1-5_1 -4,-2.4,12.5 0,0,0,1 1,5,1
B1-6_1 -4,-2.4,11.5 0,0,0,1 1,5,1
B1-7_1 -4,-2.4,10.5 0,0,0,1 1,5,1
B1-8_1 -4,-2.4,9.5 0,0,0,1 1,5,1
B1-9_1 -4,-2.4,8.5 0,0,0,1 1,5,1
B1-10_1 -4,-2.4,7.5 0,0,0,1 1,5,1
B1-1_2 -3,-2.4,16.5 0,0,0,1 1,5,1
B1-2_2 -3,-2.4,15.5 0,0,0,1 1,5,1
B1-3_2 -3,-2.4,14.5 0,0,0,1 1,5,1
B1-4_2 -3,-2.4,13.5 0,0,0,1 1,5,1
B1-5_2 -3,-2.4,12.5 0,0,0,1 1,5,1
B1-6_2 -3,-2.4,11.5 0,0,0,1 1,5,1
B1-7_2 -3,-2.4,10.5 0,0,0,1 1,5,1
B1-8_2 -3,-2.4,9.5 0,0,0,1 1,5,1
B1-9_2 -3,-2.4,8.5 0,0,0,1 1,5,1
B1-10_2 -3,-2.4,7.5 0,0,0,1 1,5,1
B1-1_3 -2,-2.4,16.5 0,0,0,1 1,5,1
B1-2_3 -2,-2.4,15.5 0,0,0,1 1,5,1
B1-3_3 -2,-2.4,14.5 0,0,0,1 1,5,1
B1-4_3 -2,-2.4,13.5 0,0,0,1 1,5,1
B1-5_3 -2,-2.4,12.5 0,0,0,1 1,5,1
B1-6_3 -2,-2.4,11.5 0,0,0,1 1,5,1
B1-7_3 -2,-2.4,10.5 0,0,0,1 1,5,1
B1-8_3 -2,-2.4,9.5 0,0,0,1 1,5,1
B1-9_3 -2,-2.4,8.5 0,0,0,1 1,5,1
B1-10_3 -2,-2.4,7.5 0,0,0,1 1,5,1
B1-1_4 -1,-2.4,16.5 0,0,0,1 1,5,1
B1-2_4 -1,-2.4,15.5 0,0,0,1 1,5,1
B1-3_4 -1,-2.4,14.5 0,0,0,1 1,5,1
B1-4_4 -1,-2.4,13.5 0,0,0,1 1,5,1
B1-5_4 -1,-2.4,12.5 0,0,0,1 1,5,1
B1-6_4 -1,-2.4,11.5 0,0,0,1 1,5,1
B1-7_4 -1,-2.4,10.5 0,0,0,1 1,5,1
B1-8_4 -1,-2.4,9.5 0,0,0,1 1,5,1
B1-9_4 -1,-2.4,8.5 0,0,0,1 1,5,1
B1-10_4 -1,-2.4,7.5 0,0,0,1 1,5,1
B1-1_5 0,-2.4,16.5 0,0,0,1 1,5,1
B1-2_5 0,-2.4,15.5 0,0,0,1 1,5,1
B1-3_5 0,-2.4,14.5 0,0,0,1 1,5,1
B1-4_5 0,-2.4,13.5 0,0,0,1 1,5,1
B1-5_5 0,-2.4,12.5 0,0,0,1 1,5,1
B1-6_5 0,-2.4,11.5 0,0,0,1 1,5,1
B1-7_5 0,-2.4,10.5 0,0,0,1 1,5,1
B1-8_5 0,-2.4,9.5 0,0,0,1 1,5,1
B1-9_5 0,-2.4,8.5 0,0,0,1 1,5,1
B1-10_5 0,-2.4,7.5 0,0,0,1 1,5,1
B1-1_6 1,-2.4,16.5 0,0,0,1 1,5,1
B1-2_6 1,-2.4,15.5 0,0,0,1 1,5,1
B1-3_6 1,-2.4,14.5 0,0,0,1 1,5,1
B1-4_6 1,-2.4,13.5 0,0,0,1 1,5,1
B1-5_6 1,-2.4,12.5 0,0,0,1 1,5,1
B1-6_6 1,-2.4,11.5 0,0,0,1 1,5,1
B1-7_6 1,-2.4,10.5 0,0,0,1 1,5,1
B1-8_6 1,-2.4,9.5 0,0,0,1 1,5,1
B1-9_6 1,-2.4,8.5 0,0,0,1 1,5,1
B1-10_6 1,-2.4,7.5 0,0,0,1 1,5,1
B1-1_7 2,-2.4,16.5 0,0,0,1 1,5,1
B1-2_7 2,-2.4,15.5 0,0,0,1 1,5,1
B1-3_7 2,-2.4,14.5 0,0,0,1 1,5,1
B1-4_7 2,-2.4,13.5 0,0,0,1 1,5,1
B1-5_7 2,-2.4,12.5 0,0,0,1 1,5,1
B1-6_7 2,-2.4,11.5 0,0,0,1 1,5,1
B1-7_7 2,-2.4,10.5 0,0,0,1 1,5,1
B1-8_7 2,-2.4,9.5 0,0,0,1 1,5,1
B1-9_7 2,-2.4,8.5 0,0,0,1 1,5,1
B1-10_7 2,-2.4,7.5 0,0,0,1 1,5,1
B1-1_8 3,-2.4,16.5 0,0,0,1 1,5,1
B1-2_8 3,-2.4,15.5 0,0,0,1 1,5,1
B1-3_8 3,-2.4,14.5 0,0,0,1 1,5,1
B1-4_8 3,-2.4,13.5 0,0,0,1 1,5,1
B1-5_8 3,-2.4,12.5 0,0,0,1 1,5,1
B1-6_8 3,-2.4,11.5 0,0,0,1 1,5,1
B1-7_8 3,-2.4,10.5 0,0,0,1 1,5,1
B1-8_8 3,-2.4,9.5 0,0,0,1 1,5,1
B1-9_8 3,-2.4,8.5 0,0,0,1 1,5,1
B1-10_8 3,-2.4,7.5 0,0,0,1 1,5,1
B1-1_9 4,-2.4,16.5 0,0,0,1 1,5,1
B1-2_9 4,-2.4,15.5 0,0,0,1 1,5,1
B1-3_9 4,-2.4,14.5 0,0,0,1 1,5,1
B1-4_9 4,-2.4,13.5 0,0,0,1 1,5,1
B1-5_9 4,-2.4,12.5 0,0,0,1 1,5,1
B1-6_9 4,-2.4,11.5 0,0,0,1 1,5,1
B1-7_9 4,-2.4,10.5 0,0,0,1 1,5,1
B1-8_9 4,-2.4,9.5 0,0,0,1 1,5,1
B1-9_9 4,-2.4,8.5 0,0,0,1 1,5,1
B1-10_9 4,-2.4,7.5 0,0,0,1 1,5,1
B1-L2 -5,-2.4,13.5 0,0,0,1 1,5,1
B1-L1 -6,-2.4,13.5 0,0,0,1 1,5,1
B1-R2 5,-2.4,13.5 0,0,0,1 1,5,1
B1-R1 6,-2.4,13.5 0,0,0,1 1,5,1
B2-1_1 -7,-1.4,6.5 0,0,0,1 1,3,1
B2-2_1 -7,-1.4,5.5 0,0,0,1 1,3,1
B2-3_1 -7,-1.4,4.5 0,0,0,1 1,3,1
B2-4_1 -7,-1.4,3.5 0,0,0,1 1,3,1
B2-1_2 -6,-1.4,6.5 0,0,0,1 1,3,1
B2-2_2 -6,-1.4,5.5 0,0,0,1 1,3,1
B2-3_2 -6,-1.4,4.5 0,0,0,1 1,3,1
B2-4_2 -6,-1.4,3.5 0,0,0,1 1,3,1
B2-1_3 -5,-1.4,6.5 0,0,0,1 1,3,1
B2-2_3 -5,-1.4,5.5 0,0,0,1 1,3,1
B2-3_3 -5,-1.4,4.5 0,0,0,1 1,3,1
B2-4_3 -5,-1.4,3.5 0,0,0,1 1,3,1
B2-1_4 -4,-1.4,6.5 0,0,0,1 1,3,1
B2-2_4 -4,-1.4,5.5 0,0,0,1 1,3,1
B2-3_4 -4,-1.4,4.5 0,0,0,1 1,3,1
B2-4_4 -4,-1.4,3.5 0,0,0,1 1,3,1
B2-1_5 -3,-1.4,6.5 0,0,0,1 1,3,1
B2-2_5 -3,-1.4,5.5 0,0,0,1 1,3,1
B2-3_5 -3,-1.4,4.5 0,0,0,1 1,3,1
B2-4_5 -3,-1.4,3.5 0,0,0,1 1,3,1
B2-1_6 -2,-1.4,6.5 0,0,0,1 1,3,1
B2-2_6 -2,-1.4,5.5 0,0,0,1 1,3,1
B2-3_6 -2,-1.4,4.5 0,0,0,1 1,3,1
B2-4_6 -2,-1.4,3.5 0,0,0,1 1,3,1
B2-1_7 -1,-1.4,6.5 0,0,0,1 1,3,1
B2-2_7 -1,-1.4,5.5 0,0,0,1 1,3,1
B2-3_7 -1,-1.4,4.5 0,0,0,1 1,3,1
B2-4_7 -1,-1.4,3.5 0,0,0,1 1,3,1
B2-1_8 0,-1.4,6.5 0,0,0,1 1,3,1
B2-2_8 0,-1.4,5.5 0,0,0,1 1,3,1
B2-3_8 0,-1.4,4.5 0,0,0,1 1,3,1
B2-4_8 0,-1.4,3.5 0,0,0,1 1,3,1
B2-1_9 1,-1.4,6.5 0,0,0,1 1,3,1
B2-2_9 1,-1.4,5.5 0,0,0,1 1,3,1
B2-3_9 1,-1.4,4.5 0,0,0,1 1,3,1
B2-4_9 1,-1.4,3.5 0,0,0,1 1,3,1
B2-1_10 2,-1.4,6.5 0,0,0,1 1,3,1
B2-2_10 2,-1.4,5.5 0,0,0,1 1,3,1
B2-3_10 2,-1.4,4.5 0,0,0,1 1,3,1
B2-4_10 2,-1.4,3.5 0,0,0,1 1,3,1
B2-1_11 3,-1.4,6.5 0,0,0,1 1,3,1
B2-2_11 3,-1.4,5.5 0,0,0,1 1,3,1
B2-3_11 3,-1.4,4.5 0,0,0,1 1,3,1
B2-4_11 3,-1.4,3.5 0,0,0,1 1,3,1
B2-1_12 4,-1.4,6.5 0,0,0,1 1,3,1
B2-2_12 4,-1.4,5.5 0,0,0,1 1,3,1
B2-3_12 4,-1.4,4.5 0,0,0,1 1,3,1
B2-4_12 4,-1.4,3.5 0,0,0,1 1,3,1
B2-1_13 5,-1.4,6.5 0,0,0,1 1,3,1
B2-2_13 5,-1.4,5.5 0,0,0,1 1,3,1
B2-3_13 5,-1.4,4.5 0,0,0,1 1,3,1
B2-4_13 5,-1.4,3.5 0,0,0,1 1,3,1
B2-1_14 6,-1.4,6.5 0,0,0,1 1,3,1
B2-2_14 6,-1.4,5.5 0,0,0,1 1,3,1
B2-3_14 6,-1.4,4.5 0,0,0,1 1,3,1
B2-4_14 6,-1.4,3.5 0,0,0,1 1,3,1
B2-1_15 7,-1.4,6.5 0,0,0,1 1,3,1
B2-2_15 7,-1.4,5.5 0,0,0,1 1,3,1
B2-3_15 7,-1.4,4.5 0,0,0,1 1,3,1
B2-4_15 7,-1.4,3.5 0,0,0,1 1,3,1
BT -1.25,-2.4,18.75 0,0,0,1 0.5,5,0.5
BT -0.75,-2.4,18.75 0,0,0,1 0.5,5,0.5
BT -0.25,-2.4,18.75 0,0,0,1 0.5,5,0.5
BT 0.25,-2.4,18.75 0,0,0,1 0.5,5,0.5
BT 0.75,-2.4,18.75 0,0,0,1 0.5,5,0.5
BT 1.25,-2.4,18.75 0,0,0,1 0.5,5,0.5
BT -1.75,-2.4,18.25 0,0,0,1 0.5,5,0.5
BT -1.25,-2.4,18.25 0,0,0,1 0.5,5,0.5
BT -0.75,-2.4,18.25 0,0,0,1 0.5,5,0.5
BT -0.25,-2.4,18.25 0,0,0,1 0.5,5,0.5
BT 0.25,-2.4,18.25 0,0,0,1 0.5,5,0.5
BT 0.75,-2.4,18.25 0,0,0,1 0.5,5,0.5
BT 1.25,-2.4,18.25 0,0,0,1 0.5,5,0.5
BT 1.75,-2.4,18.25 0,0,0,1 0.5,5,0.5
BT -2.25,-2.4,17.75 0,0,0,1 0.5,5,0.5
BT -1.75,-2.4,17.75 0,0,0,1 0.5,5,0.5
BT -1.25,-2.4,17.75 0,0,0,1 0.5,5,0.5
BT -0.75,-2.4,17.75 0,0,0,1 0.5,5,0.5
BT -0.25,-2.4,17.75 0,0,0,1 0.5,5,0.5
BT 0.25,-2.4,17.75 0,0,0,1 0.5,5,0.5
BT 0.75,-2.4,17.75 0,0,0,1 0.5,5,0.5
BT 1.25,-2.4,17.75 0,0,0,1 0.5,5,0.5
BT 1.75,-2.4,17.75 0,0,0,1 0.5,5,0.5
BT 2.25,-2.4,17.75 0,0,0,1 0.5,5,0.5
BT -2.75,-2.4,17.25 0,0,0,1 0.5,5,0.5
BT -2.25,-2.4,17.25 0,0,0,1 0.5,5,0.5
BT -1.75,-2.4,17.25 0,0,0,1 0.5,5,0.5
BT -1.25,-2.4,17.25 0,0,0,1 0.5,5,0.5
BT -0.75,-2.4,17.25 0,0,0,1 0.5,5,0.5
BT -0.25,-2.4,17.25 0,0,0,1 0.5,5,0.5
BT 0.25,-2.4,17.25 0,0,0,1 0.5,5,0.5
BT 0.75,-2.4,17.25 0,0,0,1 0.5,5,0.5
BT 1.25,-2.4,17.25 0,0,0,1 0.5,5,0.5
BT 1.75,-2.4,17.25 0,0,0,1 0.5,5,0.5
BT 2.25,-2.4,17.25 0,0,0,1 0.5,5,0.5
BT 2.75,-2.4,17.25 0,0,0,1 0.5,5,0.5
BT -15.25,-2.4,16.75 0,0,0,1 0.5,5,0.5
BT -14.75,-2.4,16.75 0,0,0,1 0.5,5,0.5
BT -14.25,-2.4,16.75 0,0,0,1 0.5,5,0.5
BT -13.75,-2.4,16.75 0,0,0,1 0.5,5,0.5
BT -13.25,-2.4,16.75 0,0,0,1 0.5,5,0.5
BT -12.75,-2.4,16.75 0,0,0,1 0.5,5,0.5
BT -12.25,-2.4,16.75 0,0,0,1 0.5,5,0.5
BT -11.75,-2.4,16.75 0,0,0,1 0.5,5,0.5
BT -11.25,-2.4,16.75 0,0,0,1 0.5,5,0.5
BT -10.75,-2.4,16.75 0,0,0,1 0.5,5,0.5
BT -10.25,-2.4,16.75 0,0,0,1 0.5,5,0.5
BT -9.75,-2.4,16.75 0,0,0,1 0.5,5,0.5
BT -9.25,-2.4,16.75 0,0,0,1 0.5,5,0.5
BT -8.75,-2.4,16.75 0,0,0,1 0.5,5,0.5
BT -8.25,-2.4,16.75 0,0,0,1 0.5,5,0.5
BT -7.75,-2.4,16.75 0,0,0,1 0.5,5,0.5
BT -7.25,-2.4,16.75 0,0,0,1 0.5,5,0.5
BT -6.75,-2.4,16.75 0,0,0,1 0.5,5,0.5
BT -6.25,-2.4,16.75 0,0,0,1 0.5,5,0.5
BT -5.75,-2.4,16.75 0,0,0,1 0.5,5,0.5
BT -5.25,-2.4,16.75 0,0,0,1 0.5,5,0.5
BT -4.75,-2.4,16.75 0,0,0,1 0.5,5,0.5
BT 4.75,-2.4,16.75 0,0,0,1 0.5,5,0.5
BT 5.25,-2.4,16.75 0,0,0,1 0.5,5,0.5
BT 5.75,-2.4,16.75 0,0,0,1 0.5,5,0.5
BT 6.25,-2.4,16.75 0,0,0,1 0.5,5,0.5
BT 6.75,-2.4,16.75 0,0,0,1 0.5,5,0.5
BT 7.25,-2.4,16.75 0,0,0,1 0.5,5,0.5
BT 7.75,-2.4,16.75 0,0,0,1 0.5,5,0.5
BT 8.25,-2.4,16.75 0,0,0,1 0.5,5,0.5
BT 8.75,-2.4,16.75 0,0,0,1 0.5,5,0.5
BT 9.25,-2.4,16.75 0,0,0,1 0.5,5,0.5
BT 9.75,-2.4,16.75 0,0,0,1 0.5,5,0.5
BT 10.25,-2.4,16.75 0,0,0,1 0.5,5,0.5
BT 10.75,-2.4,16.75 0,0,0,1 0.5,5,0.5
BT 11.25,-2.4,16.75 0,0,0,1 0.5,5,0.5
BT 11.75,-2.4,16.75 0,0,0,1 0.5,5,0.5
BT 12.25,-2.4,16.75 0,0,0,1 0.5,5,0.5
BT 12.75,-2.4,16.75 0,0,0,1 0.5,5,0.5
BT 13.25,-2.4,16.75 0,0,0,1 0.5,5,0.5
BT 13.75,-2.4,16.75 0,0,0,1 0.5,5,0.5
BT 14.25,-2.4,16.75 0,0,0,1 0.5,5,0.5
BT 14.75,-2.4,16.75 0,0,0,1 0.5,5,0.5
BT 15.25,-2.4,16.75 0,0,0,1 0.5,5,0.5
BT -15.25,-2.4,16.25 0,0,0,1 0.5,5,0.5
BT -14.75,-2.4,16.25 0,0,0,1 0.5,5,0.5
BT -14.25,-2.4,16.25 0,0,0,1 0.5,5,0.5
BT -13.75,-2.4,16.25 0,0,0,1 0.5,5,0.5
BT -13.25,-2.4,16.25 0,0,0,1 0.5,5,0.5
BT -12.75,-2.4,16.25 0,0,0,1 0.5,5,0.5
BT -12.25,-2.4,16.25 0,0,0,1 0.5,5,0.5
BT -11.75,-2.4,16.25 0,0,0,1 0.5,5,0.5
BT -11.25,-2.4,16.25 0,0,0,1 0.5,5,0.5
BT -10.75,-2.4,16.25 0,0,0,1 0.5,5,0.5
BT -10.25,-2.4,16.25 0,0,0,1 0.5,5,0.5
BT -9.75,-2.4,16.25 0,0,0,1 0.5,5,0.5
BT -9.25,-2.4,16.25 0,0,0,1 0.5,5,0.5
BT -8.75,-2.4,16.25 0,0,0,1 0.5,5,0.5
BT -8.25,-2.4,16.25 0,0,0,1 0.5,5,0.5
BT -7.75,-2.4,16.25 0,0,0,1 0.5,5,0.5
BT -7.25,-2.4,16.25 0,0,0,1 0.5,5,0.5
BT -6.75,-2.4,16.25 0,0,0,1 0.5,5,0.5
BT -6.25,-2.4,16.25 0,0,0,1 0.5,5,0.5
BT -5.75,-2.4,16.25 0,0,0,1 0.5,5,0.5
BT -5.25,-2.4,16.25 0,0,0,1 0.5,5,0.5
BT -4.75,-2.4,16.25 0,0,0,1 0.5,5,0.5
BT 4.75,-2.4,16.25 0,0,0,1 0.5,5,0.5
BT 5.25,-2.4,16.25 0,0,0,1 0.5,5,0.5
BT 5.75,-2.4,16.25 0,0,0,1 0.5,5,0.5
BT 6.25,-2.4,16.25 0,0,0,1 0.5,5,0.5
BT 6.75,-2.4,16.25 0,0,0,1 0.5,5,0.5
BT 7.25,-2.4,16.25 0,0,0,1 0.5,5,0.5
BT 7.75,-2.4,16.25 0,0,0,1 0.5,5,0.5
BT 8.25,-2.4,16.25 0,0,0,1 0.5,5,0.5
BT 8.75,-2.4,16.25 0,0,0,1 0.5,5,0.5
BT 9.25,-2.4,16.25 0,0,0,1 0.5,5,0.5
BT 9.75,-2.4,16.25 0,0,0,1 0.5,5,0.5
BT 10.25,-2.4,16.25 0,0,0,1 0.5,5,0.5
BT 10.75,-2.4,16.25 0,0,0,1 0.5,5,0.5
BT 11.25,-2.4,16.25 0,0,0,1 0.5,5,0.5
BT 11.75,-2.4,16.25 0,0,0,1 0.5,5,0.5
BT 12.25,-2.4,16.25 0,0,0,1 0.5,5,0.5
BT 12.75,-2.4,16.25 0,0,0,1 0.5,5,0.5
BT 13.25,-2.4,16.25 0,0,0,1 0.5,5,0.5
BT 13.75,-2.4,16.25 0,0,0,1 0.5,5,0.5
BT 14.25,-2.4,16.25 0,0,0,1 0.5,5,0.5
BT 14.75,-2.4,16.25 0,0,0,1 0.5,5,0.5
BT 15.25,-2.4,16.25 0,0,0,1 0.5,5,0.5
BT -14.25,-2.4,15.75 0,0,0,1 0.5,5,0.5
BT -13.75,-2.4,15.75 0,0,0,1 0.5,5,0.5
BT -13.25,-2.4,15.75 0,0,0,1 0.5,5,0.5
BT -12.75,-2.4,15.75 0,0,0,1 0.5,5,0.5
BT -12.25,-2.4,15.75 0,0,0,1 0.5,5,0.5
BT -11.75,-2.4,15.75 0,0,0,1 0.5,5,0.5
BT -11.25,-2.4,15.75 0,0,0,1 0.5,5,0.5
BT -10.75,-2.4,15.75 0,0,0,1 0.5,5,0.5
BT -10.25,-2.4,15.75 0,0,0,1 0.5,5,0.5
BT -9.75,-2.4,15.75 0,0,0,1 0.5,5,0.5
BT -9.25,-2.4,15.75 0,0,0,1 0.5,5,0.5
BT -8.75,-2.4,15.75 0,0,0,1 0.5,5,0.5
BT -8.25,-2.4,15.75 0,0,0,1 0.5,5,0.5
BT -7.75,-2.4,15.75 0,0,0,1 0.5,5,0.5
BT -7.25,-2.4,15.75 0,0,0,1 0.5,5,0.5
BT -6.75,-2.4,15.75 0,0,0,1 0.5,5,0.5
BT -6.25,-2.4,15.75 0,0,0,1 0.5,5,0.5
BT -5.75,-2.4,15.75 0,0,0,1 0.5,5,0.5
BT -5.25,-2.4,15.75 0,0,0,1 0.5,5,0.5
BT -4.75,-2.4,15.75 0,0,0,1 0.5,5,0.5
BT 4.75,-2.4,15.75 0,0,0,1 0.5,5,0.5
BT 5.25,-2.4,15.75 0,0,0,1 0.5,5,0.5
BT 5.75,-2.4,15.75 0,0,0,1 0.5,5,0.5
BT 6.25,-2.4,15.75 0,0,0,1 0.5,5,0.5
BT 6.75,-2.4,15.75 0,0,0,1 0.5,5,0.5
BT 7.25,-2.4,15.75 0,0,0,1 0.5,5,0.5
BT 7.75,-2.4,15.75 0,0,0,1 0.5,5,0.5
BT 8.25,-2.4,15.75 0,0,0,1 0.5,5,0.5
BT 8.75,-2.4,15.75 0,0,0,1 0.5,5,0.5
BT 9.25,-2.4,15.75 0,0,0,1 0.5,5,0.5
BT 9.75,-2.4,15.75 0,0,0,1 0.5,5,0.5
BT 10.25,-2.4,15.75 0,0,0,1 0.5,5,0.5
BT 10.75,-2.4,15.75 0,0,0,1 0.5,5,0.5
BT 11.25,-2.4,15.75 0,0,0,1 0.5,5,0.5
BT 11.75,-2.4,15.75 0,0,0,1 0.5,5,0.5
BT 12.25,-2.4,15.75 0,0,0,1 0.5,5,0.5
BT 12.75,-2.4,15.75 0,0,0,1 0.5,5,0.5
BT 13.25,-2.4,15.75 0,0,0,1 0.5,5,0.5
BT 13.75,-2.4,15.75 0,0,0,1 0.5,5,0.5
BT 14.25,-2.4,15.75 0,0,0,1 0.5,5,0.5
BT -14.25,-2.4,15.25 0,0,0,1 0.5,5,0.5
BT -13.75,-2.4,15.25 0,0,0,1 0.5,5,0.5
BT -13.25,-2.4,15.25 0,0,0,1 0.5,5,0.5
BT -12.75,-2.4,15.25 0,0,0,1 0.5,5,0.5
BT -12.25,-2.4,15.25 0,0,0,1 0.5,5,0.5
BT -11.75,-2.4,15.25 0,0,0,1 0.5,5,0.5
BT -11.25,-2.4,15.25 0,0,0,1 0.5,5,0.5
BT -10.75,-2.4,15.25 0,0,0,1 0.5,5,0.5
BT -10.25,-2.4,15.25 0,0,0,1 0.5,5,0.5
BT -9.75,-2.4,15.25 0,0,0,1 0.5,5,0.5
BT -9.25,-2.4,15.25 0,0,0,1 0.5,5,0.5
BT -8.75,-2.4,15.25 0,0,0,1 0.5,5,0.5
BT -8.25,-2.4,15.25 0,0,0,1 0.5,5,0.5
BT -7.75,-2.4,15.25 0,0,0,1 0.5,5,0.5
BT -7.25,-2.4,15.25 0,0,0,1 0.5,5,0.5
BT -6.75,-2.4,15.25 0,0,0,1 0.5,5,0.5
BT -6.25,-2.4,15.25 0,0,0,1 0.5,5,0.5
BT -5.75,-2.4,15.25 0,0,0,1 0.5,5,0.5
BT -5.25,-2.4,15.25 0,0,0,1 0.5,5,0.5
BT -4.75,-2.4,15.25 0,0,0,1 0.5,5,0.5
BT 4.75,-2.4,15.25 0,0,0,1 0.5,5,0.5
BT 5.25,-2.4,15.25 0,0,0,1 0.5,5,0.5
BT 5.75,-2.4,15.25 0,0,0,1 0.5,5,0.5
BT 6.25,-2.4,15.25 0,0,0,1 0.5,5,0.5
BT 6.75,-2.4,15.25 0,0,0,1 0.5,5,0.5
BT 7.25,-2.4,15.25 0,0,0,1 0.5,5,0.5
BT 7.75,-2.4,15.25 0,0,0,1 0.5,5,0.5
BT 8.25,-2.4,15.25 0,0,0,1 0.5,5,0.5
BT 8.75,-2.4,15.25 0,0,0,1 0.5,5,0.5
BT 9.25,-2.4,15.25 0,0,0,1 0.5,5,0.5
BT 9.75,-2.4,15.25 0,0,0,1 0.5,5,0.5
BT 10.25,-2.4,15.25 0,0,0,1 0.5,5,0.5
BT 10.75,-2.4,15.25 0,0,0,1 0.5,5,0.5
BT 11.25,-2.4,15.25 0,0,0,1 0.5,5,0.5
BT 11.75,-2.4,15.25 0,0,0,1 0.5,5,0.5
BT 12.25,-2.4,15.25 0,0,0,1 0.5,5,0.5
BT 12.75,-2.4,15.25 0,0,0,1 0.5,5,0.5
BT 13.25,-2.4,15.25 0,0,0,1 0.5,5,0.5
BT 13.75,-2.4,15.25 0,0,0,1 0.5,5,0.5
BT 14.25,-2.4,15.25 0,0,0,1 0.5,5,0.5
BT -14.25,-2.4,14.75 0,0,0,1 0.5,5,0.5
BT -13.75,-2.4,14.75 0,0,0,1 0.5,5,0.5
BT -13.25,-2.4,14.75 0,0,0,1 0.5,5,0.5
BT -12.75,-2.4,14.75 0,0,0,1 0.5,5,0.5
BT -12.25,-2.4,14.75 0,0,0,1 0.5,5,0.5
BT -11.75,-2.4,14.75 0,0,0,1 0.5,5,0.5
BT -11.25,-2.4,14.75 0,0,0,1 0.5,5,0.5
BT -10.75,-2.4,14.75 0,0,0,1 0.5,5,0.5
BT -10.25,-2.4,14.75 0,0,0,1 0.5,5,0.5
BT -9.75,-2.4,14.75 0,0,0,1 0.5,5,0.5
BT -9.25,-2.4,14.75 0,0,0,1 0.5,5,0.5
BT -8.75,-2.4,14.75 0,0,0,1 0.5,5,0.5
BT -8.25,-2.4,14.75 0,0,0,1 0.5,5,0.5
BT -7.75,-2.4,14.75 0,0,0,1 0.5,5,0.5
BT -7.25,-2.4,14.75 0,0,0,1 0.5,5,0.5
BT -6.75,-2.4,14.75 0,0,0,1 0.5,5,0.5
BT -6.25,-2.4,14.75 0,0,0,1 0.5,5,0.5
BT -5.75,-2.4,14.75 0,0,0,1 0.5,5,0.5
BT -5.25,-2.4,14.75 0,0,0,1 0.5,5,0.5
BT -4.75,-2.4,14.75 0,0,0,1 0.5,5,0.5
BT 4.75,-2.4,14.75 0,0,0,1 0.5,5,0.5
BT 5.25,-2.4,14.75 0,0,0,1 0.5,5,0.5
BT 5.75,-2.4,14.75 0,0,0,1 0.5,5,0.5
BT 6.25,-2.4,14.75 0,0,0,1 0.5,5,0.5
BT 6.75,-2.4,14.75 0,0,0,1 0.5,5,0.5
BT 7.25,-2.4,14.75 0,0,0,1 0.5,5,0.5
BT 7.75,-2.4,14.75 0,0,0,1 0.5,5,0.5
BT 8.25,-2.4,14.75 0,0,0,1 0.5,5,0.5
BT 8.75,-2.4,14.75 0,0,0,1 0.5,5,0.5
BT 9.25,-2.4,14.75 0,0,0,1 0.5,5,0.5
BT 9.75,-2.4,14.75 0,0,0,1 0.5,5,0.5
BT 10.25,-2.4,14.75 0,0,0,1 0.5,5,0.5
BT 10.75,-2.4,14.75 0,0,0,1 0.5,5,0.5
BT 11.25,-2.4,14.75 0,0,0,1 0.5,5,0.5
BT 11.75,-2.4,14.75 0,0,0,1 0.5,5,0.5
BT 12.25,-2.4,14.75 0,0,0,1 0.5,5,0.5
BT 12.75,-2.4,14.75 0,0,0,1 0.5,5,0.5
BT 13.25,-2.4,14.75 0,0,0,1 0.5,5,0.5
BT 13.75,-2.4,14.75 0,0,0,1 0.5,5,0.5
BT 14.25,-2.4,14.75 0,0,0,1 0.5,5,0.5
BT -14.25,-2.4,14.25 0,0,0,1 0.5,5,0.5
BT -13.75,-2.4,14.25 0,0,0,1 0.5,5,0.5
BT -13.25,-2.4,14.25 0,0,0,1 0.5,5,0.5
BT -12.75,-2.4,14.25 0,0,0,1 0.5,5,0.5
BT -12.25,-2.4,14.25 0,0,0,1 0.5,5,0.5
BT -11.75,-2.4,14.25 0,0,0,1 0.5,5,0.5
BT -11.25,-2.4,14.25 0,0,0,1 0.5,5,0.5
BT -10.75,-2.4,14.25 0,0,0,1 0.5,5,0.5
BT -10.25,-2.4,14.25 0,0,0,1 0.5,5,0.5
BT -9.75,-2.4,14.25 0,0,0,1 0.5,5,0.5
BT -9.25,-2.4,14.25 0,0,0,1 0.5,5,0.5
BT -8.75,-2.4,14.25 0,0,0,1 0.5,5,0.5
BT -8.25,-2.4,14.25 0,0,0,1 0.5,5,0.5
BT -7.75,-2.4,14.25 0,0,0,1 0.5,5,0.5
BT -7.25,-2.4,14.25 0,0,0,1 0.5,5,0.5
BT -6.75,-2.4,14.25 0,0,0,1 0.5,5,0.5
BT -6.25,-2.4,14.25 0,0,0,1 0.5,5,0.5
BT -5.75,-2.4,14.25 0,0,0,1 0.5,5,0.5
BT -5.25,-2.4,14.25 0,0,0,1 0.5,5,0.5
BT -4.75,-2.4,14.25 0,0,0,1 0.5,5,0.5
BT 4.75,-2.4,14.25 0,0,0,1 0.5,5,0.5
BT 5.25,-2.4,14.25 0,0,0,1 0.5,5,0.5
BT 5.75,-2.4,14.25 0,0,0,1 0.5,5,0.5
BT 6.25,-2.4,14.25 0,0,0,1 0.5,5,0.5
BT 6.75,-2.4,14.25 0,0,0,1 0.5,5,0.5
BT 7.25,-2.4,14.25 0,0,0,1 0.5,5,0.5
BT 7.75,-2.4,14.25 0,0,0,1 0.5,5,0.5
BT 8.25,-2.4,14.25 0,0,0,1 0.5,5,0.5
BT 8.75,-2.4,14.25 0,0,0,1 0.5,5,0.5
BT 9.25,-2.4,14.25 0,0,0,1 0.5,5,0.5
BT 9.75,-2.4,14.25 0,0,0,1 0.5,5,0.5
BT 10.25,-2.4,14.25 0,0,0,1 0.5,5,0.5
BT 10.75,-2.4,14.25 0,0,0,1 0.5,5,0.5
BT 11.25,-2.4,14.25 0,0,0,1 0.5,5,0.5
BT 11.75,-2.4,14.25 0,0,0,1 0.5,5,0.5
BT 12.25,-2.4,14.25 0,0,0,1 0.5,5,0.5
BT 12.75,-2.4,14.25 0,0,0,1 0.5,5,0.5
BT 13.25,-2.4,14.25 0,0,0,1 0.5,5,0.5
BT 13.75,-2.4,14.25 0,0,0,1 0.5,5,0.5
BT 14.25,-2.4,14.25 0,0,0,1 0.5,5,0.5
BT -14.25,-2.4,13.75 0,0,0,1 0.5,5,0.5
BT -13.75,-2.4,13.75 0,0,0,1 0.5,5,0.5
BT -13.25,-2.4,13.75 0,0,0,1 0.5,5,0.5
BT -12.75,-2.4,13.75 0,0,0,1 0.5,5,0.5
BT -12.25,-2.4,13.75 0,0,0,1 0.5,5,0.5
BT -11.75,-2.4,13.75 0,0,0,1 0.5,5,0.5
BT -11.25,-2.4,13.75 0,0,0,1 0.5,5,0.5
BT -10.75,-2.4,13.75 0,0,0,1 0.5,5,0.5
BT -10.25,-2.4,13.75 0,0,0,1 0.5,5,0.5
BT -9.75,-2.4,13.75 0,0,0,1 0.5,5,0.5
BT -9.25,-2.4,13.75 0,0,0,1 0.5,5,0.5
BT -8.75,-2.4,13.75 0,0,0,1 0.5,5,0.5
BT -8.25,-2.4,13.75 0,0,0,1 0.5,5,0.5
BT -7.75,-2.4,13.75 0,0,0,1 0.5,5,0.5
BT -7.25,-2.4,13.75 0,0,0,1 0.5,5,0.5
BT -6.75,-2.4,13.75 0,0,0,1 0.5,5,0.5
BT 6.75,-2.4,13.75 0,0,0,1 0.5,5,0.5
BT 7.25,-2.4,13.75 0,0,0,1 0.5,5,0.5
BT 7.75,-2.4,13.75 0,0,0,1 0.5,5,0.5
BT 8.25,-2.4,13.75 0,0,0,1 0.5,5,0.5
BT 8.75,-2.4,13.75 0,0,0,1 0.5,5,0.5
BT 9.25,-2.4,13.75 0,0,0,1 0.5,5,0.5
BT 9.75,-2.4,13.75 0,0,0,1 0.5,5,0.5
BT 10.25,-2.4,13.75 0,0,0,1 0.5,5,0.5
BT 10.75,-2.4,13.75 0,0,0,1 0.5,5,0.5
BT 11.25,-2.4,13.75 0,0,0,1 0.5,5,0.5
BT 11.75,-2.4,13.75 0,0,0,1 0.5,5,0.5
BT 12.25,-2.4,13.75 0,0,0,1 0.5,5,0.5
BT 12.75,-2.4,13.75 0,0,0,1 0.5,5,0.5
BT 13.25,-2.4,13.75 0,0,0,1 0.5,5,0.5
BT 13.75,-2.4,13.75 0,0,0,1 0.5,5,0.5
BT 14.25,-2.4,13.75 0,0,0,1 0.5,5,0.5
BT -14.25,-2.4,13.25 0,0,0,1 0.5,5,0.5
BT -13.75,-2.4,13.25 0,0,0,1 0.5,5,0.5
BT -13.25,-2.4,13.25 0,0,0,1 0.5,5,0.5
BT -12.75,-2.4,13.25 0,0,0,1 0.5,5,0.5
BT -12.25,-2.4,13.25 0,0,0,1 0.5,5,0.5
BT -11.75,-2.4,13.25 0,0,0,1 0.5,5,0.5
BT -11.25,-2.4,13.25 0,0,0,1 0.5,5,0.5
BT -10.75,-2.4,13.25 0,0,0,1 0.5,5,0.5
BT -10.25,-2.4,13.25 0,0,0,1 0.5,5,0.5
BT -9.75,-2.4,13.25 0,0,0,1 0.5,5,0.5
BT -9.25,-2.4,13.25 0,0,0,1 0.5,5,0.5
BT -8.75,-2.4,13.25 0,0,0,1 0.5,5,0.5
BT -8.25,-2.4,13.25 0,0,0,1 0.5,5,0.5
BT -7.75,-2.4,13.25 0,0,0,1 0.5,5,0.5
BT -7.25,-2.4,13.25 0,0,0,1 0.5,5,0.5
BT -6.75,-2.4,13.25 0,0,0,1 0.5,5,0.5
BT 6.75,-2.4,13.25 0,0,0,1 0.5,5,0.5
BT 7.25,-2.4,13.25 0,0,0,1 0.5,5,0.5
BT 7.75,-2.4,13.25 0,0,0,1 0.5,5,0.5
BT 8.25,-2.4,13.25 0,0,0,1 0.5,5,0.5
BT 8.75,-2.4,13.25 0,0,0,1 0.5,5,0.5
BT 9.25,-2.4,13.25 0,0,0,1 0.5,5,0.5
BT 9.75,-2.4,13.25 0,0,0,1 0.5,5,0.5
BT 10.25,-2.4,13.25 0,0,0,1 0.5,5,0.5
BT 10.75,-2.4,13.25 0,0,0,1 0.5,5,0.5
BT 11.25,-2.4,13.25 0,0,0,1 0.5,5,0.5
BT 11.75,-2.4,13.25 0,0,0,1 0.5,5,0.5
BT 12.25,-2.4,13.25 0,0,0,1 0.5,5,0.5
BT 12.75,-2.4,13.25 0,0,0,1 0.5,5,0.5
BT 13.25,-2.4,13.25 0,0,0,1 0.5,5,0.5
BT 13.75,-2.4,13.25 0,0,0,1 0.5,5,0.5
BT 14.25,-2.4,13.25 0,0,0,1 0.5,5,0.5
BT -13.75,-2.4,12.75 0,0,0,1 0.5,5,0.5
BT -13.25,-2.4,12.75 0,0,0,1 0.5,5,0.5
BT -12.75,-2.4,12.75 0,0,0,1 0.5,5,0.5
BT -12.25,-2.4,12.75 0,0,0,1 0.5,5,0.5
BT -11.75,-2.4,12.75 0,0,0,1 0.5,5,0.5
BT -11.25,-2.4,12.75 0,0,0,1 0.5,5,0.5
BT -10.75,-2.4,12.75 0,0,0,1 0.5,5,0.5
BT -10.25,-2.4,12.75 0,0,0,1 0.5,5,0.5
BT -9.75,-2.4,12.75 0,0,0,1 0.5,5,0.5
BT -9.25,-2.4,12.75 0,0,0,1 0.5,5,0.5
BT -8.75,-2.4,12.75 0,0,0,1 0.5,5,0.5
BT -8.25,-2.4,12.75 0,0,0,1 0.5,5,0.5
BT -7.75,-2.4,12.75 0,0,0,1 0.5,5,0.5
BT -7.25,-2.4,12.75 0,0,0,1 0.5,5,0.5
BT -6.75,-2.4,12.75 0,0,0,1 0.5,5,0.5
BT -6.25,-2.4,12.75 0,0,0,1 0.5,5,0.5
BT -5.75,-2.4,12.75 0,0,0,1 0.5,5,0.5
BT -5.25,-2.4,12.75 0,0,0,1 0.5,5,0.5
BT -4.75,-2.4,12.75 0,0,0,1 0.5,5,0.5
BT 4.75,-2.4,12.75 0,0,0,1 0.5,5,0.5
BT 5.25,-2.4,12.75 0,0,0,1 0.5,5,0.5
BT 5.75,-2.4,12.75 0,0,0,1 0.5,5,0.5
BT 6.25,-2.4,12.75 0,0,0,1 0.5,5,0.5
BT 6.75,-2.4,12.75 0,0,0,1 0.5,5,0.5
BT 7.25,-2.4,12.75 0,0,0,1 0.5,5,0.5
BT 7.75,-2.4,12.75 0,0,0,1 0.5,5,0.5
BT 8.25,-2.4,12.75 0,0,0,1 0.5,5,0.5
BT 8.75,-2.4,12.75 0,0,0,1 0.5,5,0.5
BT 9.25,-2.4,12.75 0,0,0,1 0.5,5,0.5
BT 9.75,-2.4,12.75 0,0,0,1 0.5,5,0.5
BT 10.25,-2.4,12.75 0,0,0,1 0.5,5,0.5
BT 10.75,-2.4,12.75 0,0,0,1 0.5,5,0.5
BT 11.25,-2.4,12.75 0,0,0,1 0.5,5,0.5
BT 11.75,-2.4,12.75 0,0,0,1 0.5,5,0.5
BT 12.25,-2.4,12.75 0,0,0,1 0.5,5,0.5
BT 12.75,-2.4,12.75 0,0,0,1 0.5,5,0.5
BT 13.25,-2.4,12.75 0,0,0,1 0.5,5,0.5
BT 13.75,-2.4,12.75 0,0,0,1 0.5,5,0.5
BT -13.75,-2.4,12.25 0,0,0,1 0.5,5,0.5
BT -13.25,-2.4,12.25 0,0,0,1 0.5,5,0.5
BT -12.75,-2.4,12.25 0,0,0,1 0.5,5,0.5
BT -12.25,-2.4,12.25 0,0,0,1 0.5,5,0.5
BT -11.75,-2.4,12.25 0,0,0,1 0.5,5,0.5
BT -11.25,-2.4,12.25 0,0,0,1 0.5,5,0.5
BT -10.75,-2.4,12.25 0,0,0,1 0.5,5,0.5
BT -10.25,-2.4,12.25 0,0,0,1 0.5,5,0.5
BT -9.75,-2.4,12.25 0,0,0,1 0.5,5,0.5
BT -9.25,-2.4,12.25 0,0,0,1 0.5,5,0.5
BT -8.75,-2.4,12.25 0,0,0,1 0.5,5,0.5
BT -8.25,-2.4,12.25 0,0,0,1 0.5,5,0.5
BT -7.75,-2.4,12.25 0,0,0,1 0.5,5,0.5
BT -7.25,-2.4,12.25 0,0,0,1 0.5,5,0.5
BT -6.75,-2.4,12.25 0,0,0,1 0.5,5,0.5
BT -6.25,-2.4,12.25 0,0,0,1 0.5,5,0.5
BT -5.75,-2.4,12.25 0,0,0,1 0.5,5,0.5
BT -5.25,-2.4,12.25 0,0,0,1 0.5,5,0.5
BT -4.75,-2.4,12.25 0,0,0,1 0.5,5,0.5
BT 4.75,-2.4,12.25 0,0,0,1 0.5,5,0.5
BT 5.25,-2.4,12.25 0,0,0,1 0.5,5,0.5
BT 5.75,-2.4,12.25 0,0,0,1 0.5,5,0.5
BT 6.25,-2.4,12.25 0,0,0,1 0.5,5,0.5
BT 6.75,-2.4,12.25 0,0,0,1 0.5,5,0.5
BT 7.25,-2.4,12.25 0,0,0,1 0.5,5,0.5
BT 7.75,-2.4,12.25 0,0,0,1 0.5,5,0.5
BT 8.25,-2.4,12.25 0,0,0,1 0.5,5,0.5
BT 8.75,-2.4,12.25 0,0,0,1 0.5,5,0.5
BT 9.25,-2.4,12.25 0,0,0,1 0.5,5,0.5
BT 9.75,-2.4,12.25 0,0,0,1 0.5,5,0.5
BT 10.25,-2.4,12.25 0,0,0,1 0.5,5,0.5
BT 10.75,-2.4,12.25 0,0,0,1 0.5,5,0.5
BT 11.25,-2.4,12.25 0,0,0,1 0.5,5,0.5
BT 11.75,-2.4,12.25 0,0,0,1 0.5,5,0.5
BT 12.25,-2.4,12.25 0,0,0,1 0.5,5,0.5
BT 12.75,-2.4,12.25 0,0,0,1 0.5,5,0.5
BT 13.25,-2.4,12.25 0,0,0,1 0.5,5,0.5
BT 13.75,-2.4,12.25 0,0,0,1 0.5,5,0.5
BT -13.75,-2.4,11.75 0,0,0,1 0.5,5,0.5
BT -13.25,-2.4,11.75 0,0,0,1 0.5,5,0.5
BT -12.75,-2.4,11.75 0,0,0,1 0.5,5,0.5
BT -12.25,-2.4,11.75 0,0,0,1 0.5,5,0.5
BT -11.75,-2.4,11.75 0,0,0,1 0.5,5,0.5
BT -11.25,-2.4,11.75 0,0,0,1 0.5,5,0.5
BT -10.75,-2.4,11.75 0,0,0,1 0.5,5,0.5
BT -10.25,-2.4,11.75 0,0,0,1 0.5,5,0.5
BT -9.75,-2.4,11.75 0,0,0,1 0.5,5,0.5
BT -9.25,-2.4,11.75 0,0,0,1 0.5,5,0.5
BT -8.75,-2.4,11.75 0,0,0,1 0.5,5,0.5
BT -8.25,-2.4,11.75 0,0,0,1 0.5,5,0.5
BT -7.75,-2.4,11.75 0,0,0,1 0.5,5,0.5
BT -7.25,-2.4,11.75 0,0,0,1 0.5,5,0.5
BT -6.75,-2.4,11.75 0,0,0,1 0.5,5,0.5
BT -6.25,-2.4,11.75 0,0,0,1 0.5,5,0.5
BT -5.75,-2.4,11.75 0,0,0,1 0.5,5,0.5
BT -5.25,-2.4,11.75 0,0,0,1 0.5,5,0.5
BT -4.75,-2.4,11.75 0,0,0,1 0.5,5,0.5
BT 4.75,-2.4,11.75 0,0,0,1 0.5,5,0.5
BT 5.25,-2.4,11.75 0,0,0,1 0.5,5,0.5
BT 5.75,-2.4,11.75 0,0,0,1 0.5,5,0.5
BT 6.25,-2.4,11.75 0,0,0,1 0.5,5,0.5
BT 6.75,-2.4,11.75 0,0,0,1 0.5,5,0.5
BT 7.25,-2.4,11.75 0,0,0,1 0.5,5,0.5
BT 7.75,-2.4,11.75 0,0,0,1 0.5,5,0.5
BT 8.25,-2.4,11.75 0,0,0,1 0.5,5,0.5
BT 8.75,-2.4,11.75 0,0,0,1 0.5,5,0.5
BT 9.25,-2.4,11.75 0,0,0,1 0.5,5,0.5
BT 9.75,-2.4,11.75 0,0,0,1 0.5,5,0.5
BT 10.25,-2.4,11.75 0,0,0,1 0.5,5,0.5
BT 10.75,-2.4,11.75 0,0,0,1 0.5,5,0.5
BT 11.25,-2.4,11.75 0,0,0,1 0.5,5,0.5
BT 11.75,-2.4,11.75 0,0,0,1 0.5,5,0.5
BT 12.25,-2.4,11.75 0,0,0,1 0.5,5,0.5
BT 12.75,-2.4,11.75 0,0,0,1 0.5,5,0.5
BT 13.25,-2.4,11.75 0,0,0,1 0.5,5,0.5
BT 13.75,-2.4,11.75 0,0,0,1 0.5,5,0.5
BT -13.75,-2.4,11.25 0,0,0,1 0.5,5,0.5
BT -13.25,-2.4,11.25 0,0,0,1 0.5,5,0.5
BT -12.75,-2.4,11.25 0,0,0,1 0.5,5,0.5
BT -12.25,-2.4,11.25 0,0,0,1 0.5,5,0.5
BT -11.75,-2.4,11.25 0,0,0,1 0.5,5,0.5
BT -11.25,-2.4,11.25 0,0,0,1 0.5,5,0.5
BT -10.75,-2.4,11.25 0,0,0,1 0.5,5,0.5
BT -10.25,-2.4,11.25 0,0,0,1 0.5,5,0.5
BT -9.75,-2.4,11.25 0,0,0,1 0.5,5,0.5
BT -9.25,-2.4,11.25 0,0,0,1 0.5,5,0.5
BT -8.75,-2.4,11.25 0,0,0,1 0.5,5,0.5
BT -8.25,-2.4,11.25 0,0,0,1 0.5,5,0.5
BT -7.75,-2.4,11.25 0,0,0,1 0.5,5,0.5
BT -7.25,-2.4,11.25 0,0,0,1 0.5,5,0.5
BT -6.75,-2.4,11.25 0,0,0,1 0.5,5,0.5
BT -6.25,-2.4,11.25 0,0,0,1 0.5,5,0.5
BT -5.75,-2.4,11.25 0,0,0,1 0.5,5,0.5
BT -5.25,-2.4,11.25 0,0,0,1 0.5,5,0.5
BT -4.75,-2.4,11.25 0,0,0,1 0.5,5,0.5
BT 4.75,-2.4,11.25 0,0,0,1 0.5,5,0.5
BT 5.25,-2.4,11.25 0,0,0,1 0.5,5,0.5
BT 5.75,-2.4,11.25 0,0,0,1 0.5,5,0.5
BT 6.25,-2.4,11.25 0,0,0,1 0.5,5,0.5
BT 6.75,-2.4,11.25 0,0,0,1 0.5,5,0.5
BT 7.25,-2.4,11.25 0,0,0,1 0.5,5,0.5
BT 7.75,-2.4,11.25 0,0,0,1 0.5,5,0.5
BT 8.25,-2.4,11.25 0,0,0,1 0.5,5,0.5
BT 8.75,-2.4,11.25 0,0,0,1 0.5,5,0.5
BT 9.25,-2.4,11.25 0,0,0,1 0.5,5,0.5
BT 9.75,-2.4,11.25 0,0,0,1 0.5,5,0.5
BT 10.25,-2.4,11.25 0,0,0,1 0.5,5,0.5
BT 10.75,-2.4,11.25 0,0,0,1 0.5,5,0.5
BT 11.25,-2.4,11.25 0,0,0,1 0.5,5,0.5
BT 11.75,-2.4,11.25 0,0,0,1 0.5,5,0.5
BT 12.25,-2.4,11.25 0,0,0,1 0.5,5,0.5
BT 12.75,-2.4,11.25 0,0,0,1 0.5,5,0.5
BT 13.25,-2.4,11.25 0,0,0,1 0.5,5,0.5
BT 13.75,-2.4,11.25 0,0,0,1 0.5,5,0.5
BT -13.75,-2.4,10.75 0,0,0,1 0.5,5,0.5
BT -13.25,-2.4,10.75 0,0,0,1 0.5,5,0.5
BT -12.75,-2.4,10.75 0,0,0,1 0.5,5,0.5
BT -12.25,-2.4,10.75 0,0,0,1 0.5,5,0.5
BT -11.75,-2.4,10.75 0,0,0,1 0.5,5,0.5
BT -11.25,-2.4,10.75 0,0,0,1 0.5,5,0.5
BT -10.75,-2.4,10.75 0,0,0,1 0.5,5,0.5
BT -10.25,-2.4,10.75 0,0,0,1 0.5,5,0.5
BT -9.75,-2.4,10.75 0,0,0,1 0.5,5,0.5
BT -9.25,-2.4,10.75 0,0,0,1 0.5,5,0.5
BT -8.75,-2.4,10.75 0,0,0,1 0.5,5,0.5
BT -8.25,-2.4,10.75 0,0,0,1 0.5,5,0.5
BT -7.75,-2.4,10.75 0,0,0,1 0.5,5,0.5
BT -7.25,-2.4,10.75 0,0,0,1 0.5,5,0.5
BT -6.75,-2.4,10.75 0,0,0,1 0.5,5,0.5
BT -6.25,-2.4,10.75 0,0,0,1 0.5,5,0.5
BT -5.75,-2.4,10.75 0,0,0,1 0.5,5,0.5
BT -5.25,-2.4,10.75 0,0,0,1 0.5,5,0.5
BT -4.75,-2.4,10.75 0,0,0,1 0.5,5,0.5
BT 4.75,-2.4,10.75 0,0,0,1 0.5,5,0.5
BT 5.25,-2.4,10.75 0,0,0,1 0.5,5,0.5
BT 5.75,-2.4,10.75 0,0,0,1 0.5,5,0.5
BT 6.25,-2.4,10.75 0,0,0,1 0.5,5,0.5
BT 6.75,-2.4,10.75 0,0,0,1 0.5,5,0.5
BT 7.25,-2.4,10.75 0,0,0,1 0.5,5,0.5
BT 7.75,-2.4,10.75 0,0,0,1 0.5,5,0.5
BT 8.25,-2.4,10.75 0,0,0,1 0.5,5,0.5
BT 8.75,-2.4,10.75 0,0,0,1 0.5,5,0.5
BT 9.25,-2.4,10.75 0,0,0,1 0.5,5,0.5
BT 9.75,-2.4,10.75 0,0,0,1 0.5,5,0.5
BT 10.25,-2.4,10.75 0,0,0,1 0.5,5,0.5
BT 10.75,-2.4,10.75 0,0,0,1 0.5,5,0.5
BT 11.25,-2.4,10.75 0,0,0,1 0.5,5,0.5
BT 11.75,-2.4,10.75 0,0,0,1 0.5,5,0.5
BT 12.25,-2.4,10.75 0,0,0,1 0.5,5,0.5
BT 12.75,-2.4,10.75 0,0,0,1 0.5,5,0.5
BT 13.25,-2.4,10.75 0,0,0,1 0.5,5,0.5
BT 13.75,-2.4,10.75 0,0,0,1 0.5,5,0.5
BT -13.75,-2.4,10.25 0,0,0,1 0.5,5,0.5
BT -13.25,-2.4,10.25 0,0,0,1 0.5,5,0.5
BT -12.75,-2.4,10.25 0,0,0,1 0.5,5,0.5
BT -12.25,-2.4,10.25 0,0,0,1 0.5,5,0.5
BT -11.75,-2.4,10.25 0,0,0,1 0.5,5,0.5
BT -11.25,-2.4,10.25 0,0,0,1 0.5,5,0.5
BT -10.75,-2.4,10.25 0,0,0,1 0.5,5,0.5
BT -10.25,-2.4,10.25 0,0,0,1 0.5,5,0.5
BT -9.75,-2.4,10.25 0,0,0,1 0.5,5,0.5
BT -9.25,-2.4,10.25 0,0,0,1 0.5,5,0.5
BT -8.75,-2.4,10.25 0,0,0,1 0.5,5,0.5
BT -8.25,-2.4,10.25 0,0,0,1 0.5,5,0.5
BT -7.75,-2.4,10.25 0,0,0,1 0.5,5,0.5
BT -7.25,-2.4,10.25 0,0,0,1 0.5,5,0.5
BT -6.75,-2.4,10.25 0,0,0,1 0.5,5,0.5
BT -6.25,-2.4,10.25 0,0,0,1 0.5,5,0.5
BT -5.75,-2.4,10.25 0,0,0,1 0.5,5,0.5
BT -5.25,-2.4,10.25 0,0,0,1 0.5,5,0.5
BT -4.75,-2.4,10.25 0,0,0,1 0.5,5,0.5
BT 4.75,-2.4,10.25 0,0,0,1 0.5,5,0.5
BT 5.25,-2.4,10.25 0,0,0,1 0.5,5,0.5
BT 5.75,-2.4,10.25 0,0,0,1 0.5,5,0.5
BT 6.25,-2.4,10.25 0,0,0,1 0.5,5,0.5
BT 6.75,-2.4,10.25 0,0,0,1 0.5,5,0.5
BT 7.25,-2.4,10.25 0,0,0,1 0.5,5,0.5
BT 7.75,-2.4,10.25 0,0,0,1 0.5,5,0.5
BT 8.25,-2.4,10.25 0,0,0,1 0.5,5,0.5
BT 8.75,-2.4,10.25 0,0,0,1 0.5,5,0.5
BT 9.25,-2.4,10.25 0,0,0,1 0.5,5,0.5
BT 9.75,-2.4,10.25 0,0,0,1 0.5,5,0.5
BT 10.25,-2.4,10.25 0,0,0,1 0.5,5,0.5
BT 10.75,-2.4,10.25 0,0,0,1 0.5,5,0.5
BT 11.25,-2.4,10.25 0,0,0,1 0.5,5,0.5
BT 11.75,-2.4,10.25 0,0,0,1 0.5,5,0.5
BT 12.25,-2.4,10.25 0,0,0,1 0.5,5,0.5
BT 12.75,-2.4,10.25 0,0,0,1 0.5,5,0.5
BT 13.25,-2.4,10.25 0,0,0,1 0.5,5,0.5
BT 13.75,-2.4,10.25 0,0,0,1 0.5,5,0.5
BT -13.75,-2.4,9.75 0,0,0,1 0.5,5,0.5
BT -13.25,-2.4,9.75 0,0,0,1 0.5,5,0.5
BT -12.75,-2.4,9.75 0,0,0,1 0.5,5,0.5
BT -12.25,-2.4,9.75 0,0,0,1 0.5,5,0.5
BT -11.75,-2.4,9.75 0,0,0,1 0.5,5,0.5
BT -11.25,-2.4,9.75 0,0,0,1 0.5,5,0.5
BT -10.75,-2.4,9.75 0,0,0,1 0.5,5,0.5
BT -10.25,-2.4,9.75 0,0,0,1 0.5,5,0.5
BT -9.75,-2.4,9.75 0,0,0,1 0.5,5,0.5
BT -9.25,-2.4,9.75 0,0,0,1 0.5,5,0.5
BT -8.75,-2.4,9.75 0,0,0,1 0.5,5,0.5
BT -8.25,-2.4,9.75 0,0,0,1 0.5,5,0.5
BT -7.75,-2.4,9.75 0,0,0,1 0.5,5,0.5
BT -7.25,-2.4,9.75 0,0,0,1 0.5,5,0.5
BT -6.75,-2.4,9.75 0,0,0,1 0.5,5,0.5
BT -6.25,-2.4,9.75 0,0,0,1 0.5,5,0.5
BT -5.75,-2.4,9.75 0,0,0,1 0.5,5,0.5
BT -5.25,-2.4,9.75 0,0,0,1 0.5,5,0.5
BT -4.75,-2.4,9.75 0,0,0,1 0.5,5,0.5
BT 4.75,-2.4,9.75 0,0,0,1 0.5,5,0.5
BT 5.25,-2.4,9.75 0,0,0,1 0.5,5,0.5
BT 5.75,-2.4,9.75 0,0,0,1 0.5,5,0.5
BT 6.25,-2.4,9.75 0,0,0,1 0.5,5,0.5
BT 6.75,-2.4,9.75 0,0,0,1 0.5,5,0.5
BT 7.25,-2.4,9.75 0,0,0,1 0.5,5,0.5
BT 7.75,-2.4,9.75 0,0,0,1 0.5,5,0.5
BT 8.25,-2.4,9.75 0,0,0,1 0.5,5,0.5
BT 8.75,-2.4,9.75 0,0,0,1 0.5,5,0.5
BT 9.25,-2.4,9.75 0,0,0,1 0.5,5,0.5
BT 9.75,-2.4,9.75 0,0,0,1 0.5,5,0.5
BT 10.25,-2.4,9.75 0,0,0,1 0.5,5,0.5
BT 10.75,-2.4,9.75 0,0,0,1 0.5,5,0.5
BT 11.25,-2.4,9.75 0,0,0,1 0.5,5,0.5
BT 11.75,-2.4,9.75 0,0,0,1 0.5,5,0.5
BT 12.25,-2.4,9.75 0,0,0,1 0.5,5,0.5
BT 12.75,-2.4,9.75 0,0,0,1 0.5,5,0.5
BT 13.25,-2.4,9.75 0,0,0,1 0.5,5,0.5
BT 13.75,-2.4,9.75 0,0,0,1 0.5,5,0.5
BT -13.75,-2.4,9.25 0,0,0,1 0.5,5,0.5
BT -13.25,-2.4,9.25 0,0,0,1 0.5,5,0.5
BT -12.75,-2.4,9.25 0,0,0,1 0.5,5,0.5
BT -12.25,-2.4,9.25 0,0,0,1 0.5,5,0.5
BT -11.75,-2.4,9.25 0,0,0,1 0.5,5,0.5
BT -11.25,-2.4,9.25 0,0,0,1 0.5,5,0.5
BT -10.75,-2.4,9.25 0,0,0,1 0.5,5,0.5
BT -10.25,-2.4,9.25 0,0,0,1 0.5,5,0.5
BT -9.75,-2.4,9.25 0,0,0,1 0.5,5,0.5
BT -9.25,-2.4,9.25 0,0,0,1 0.5,5,0.5
BT -8.75,-2.4,9.25 0,0,0,1 0.5,5,0.5
BT -8.25,-2.4,9.25 0,0,0,1 0.5,5,0.5
BT -7.75,-2.4,9.25 0,0,0,1 0.5,5,0.5
BT -7.25,-2.4,9.25 0,0,0,1 0.5,5,0.5
BT -6.75,-2.4,9.25 0,0,0,1 0.5,5,0.5
BT -6.25,-2.4,9.25 0,0,0,1 0.5,5,0.5
BT -5.75,-2.4,9.25 0,0,0,1 0.5,5,0.5
BT -5.25,-2.4,9.25 0,0,0,1 0.5,5,0.5
BT -4.75,-2.4,9.25 0,0,0,1 0.5,5,0.5
BT 4.75,-2.4,9.25 0,0,0,1 0.5,5,0.5
BT 5.25,-2.4,9.25 0,0,0,1 0.5,5,0.5
BT 5.75,-2.4,9.25 0,0,0,1 0.5,5,0.5
BT 6.25,-2.4,9.25 0,0,0,1 0.5,5,0.5
BT 6.75,-2.4,9.25 0,0,0,1 0.5,5,0.5
BT 7.25,-2.4,9.25 0,0,0,1 0.5,5,0.5
BT 7.75,-2.4,9.25 0,0,0,1 0.5,5,0.5
BT 8.25,-2.4,9.25 0,0,0,1 0.5,5,0.5
BT 8.75,-2.4,9.25 0,0,0,1 0.5,5,0.5
BT 9.25,-2.4,9.25 0,0,0,1 0.5,5,0.5
BT 9.75,-2.4,9.25 0,0,0,1 0.5,5,0.5
BT 10.25,-2.4,9.25 0,0,0,1 0.5,5,0.5
BT 10.75,-2.4,9.25 0,0,0,1 0.5,5,0.5
BT 11.25,-2.4,9.25 0,0,0,1 0.5,5,0.5
BT 11.75,-2.4,9.25 0,0,0,1 0.5,5,0.5
BT 12.25,-2.4,9.25 0,0,0,1 0.5,5,0.5
BT 12.75,-2.4,9.25 0,0,0,1 0.5,5,0.5
BT 13.25,-2.4,9.25 0,0,0,1 0.5,5,0.5
BT 13.75,-2.4,9.25 0,0,0,1 0.5,5,0.5
BT -13.75,-2.4,8.75 0,0,0,1 0.5,5,0.5
BT -13.25,-2.4,8.75 0,0,0,1 0.5,5,0.5
BT -12.75,-2.4,8.75 0,0,0,1 0.5,5,0.5
BT -12.25,-2.4,8.75 0,0,0,1 0.5,5,0.5
BT -11.75,-2.4,8.75 0,0,0,1 0.5,5,0.5
BT -11.25,-2.4,8.75 0,0,0,1 0.5,5,0.5
BT -10.75,-2.4,8.75 0,0,0,1 0.5,5,0.5
BT -10.25,-2.4,8.75 0,0,0,1 0.5,5,0.5
BT -9.75,-2.4,8.75 0,0,0,1 0.5,5,0.5
BT -9.25,-2.4,8.75 0,0,0,1 0.5,5,0.5
BT -8.75,-2.4,8.75 0,0,0,1 0.5,5,0.5
BT -8.25,-2.4,8.75 0,0,0,1 0.5,5,0.5
BT -7.75,-2.4,8.75 0,0,0,1 0.5,5,0.5
BT -7.25,-2.4,8.75 0,0,0,1 0.5,5,0.5
BT -6.75,-2.4,8.75 0,0,0,1 0.5,5,0.5
BT -6.25,-2.4,8.75 0,0,0,1 0.5,5,0.5
BT -5.75,-2.4,8.75 0,0,0,1 0.5,5,0.5
BT -5.25,-2.4,8.75 0,0,0,1 0.5,5,0.5
BT -4.75,-2.4,8.75 0,0,0,1 0.5,5,0.5
BT 4.75,-2.4,8.75 0,0,0,1 0.5,5,0.5
BT 5.25,-2.4,8.75 0,0,0,1 0.5,5,0.5
BT 5.75,-2.4,8.75 0,0,0,1 0.5,5,0.5
BT 6.25,-2.4,8.75 0,0,0,1 0.5,5,0.5
BT 6.75,-2.4,8.75 0,0,0,1 0.5,5,0.5
BT 7.25,-2.4,8.75 0,0,0,1 0.5,5,0.5
BT 7.75,-2.4,8.75 0,0,0,1 0.5,5,0.5
BT 8.25,-2.4,8.75 0,0,0,1 0.5,5,0.5
BT 8.75,-2.4,8.75 0,0,0,1 0.5,5,0.5
BT 9.25,-2.4,8.75 0,0,0,1 0.5,5,0.5
BT 9.75,-2.4,8.75 0,0,0,1 0.5,5,0.5
BT 10.25,-2.4,8.75 0,0,0,1 0.5,5,0.5
BT 10.75,-2.4,8.75 0,0,0,1 0.5,5,0.5
BT 11.25,-2.4,8.75 0,0,0,1 0.5,5,0.5
BT 11.75,-2.4,8.75 0,0,0,1 0.5,5,0.5
BT 12.25,-2.4,8.75 0,0,0,1 0.5,5,0.5
BT 12.75,-2.4,8.75 0,0,0,1 0.5,5,0.5
BT 13.25,-2.4,8.75 0,0,0,1 0.5,5,0.5
BT 13.75,-2.4,8.75 0,0,0,1 0.5,5,0.5
BT -13.75,-2.4,8.25 0,0,0,1 0.5,5,0.5
BT -13.25,-2.4,8.25 0,0,0,1 0.5,5,0.5
BT -12.75,-2.4,8.25 0,0,0,1 0.5,5,0.5
BT -12.25,-2.4,8.25 0,0,0,1 0.5,5,0.5
BT -11.75,-2.4,8.25 0,0,0,1 0.5,5,0.5
BT -11.25,-2.4,8.25 0,0,0,1 0.5,5,0.5
BT -10.75,-2.4,8.25 0,0,0,1 0.5,5,0.5
BT -10.25,-2.4,8.25 0,0,0,1 0.5,5,0.5
BT -9.75,-2.4,8.25 0,0,0,1 0.5,5,0.5
BT -9.25,-2.4,8.25 0,0,0,1 0.5,5,0.5
BT -8.75,-2.4,8.25 0,0,0,1 0.5,5,0.5
BT -8.25,-2.4,8.25 0,0,0,1 0.5,5,0.5
BT -7.75,-2.4,8.25 0,0,0,1 0.5,5,0.5
BT -7.25,-2.4,8.25 0,0,0,1 0.5,5,0.5
BT -6.75,-2.4,8.25 0,0,0,1 0.5,5,0.5
BT -6.25,-2.4,8.25 0,0,0,1 0.5,5,0.5
BT -5.75,-2.4,8.25 0,0,0,1 0.5,5,0.5
BT -5.25,-2.4,8.25 0,0,0,1 0.5,5,0.5
BT -4.75,-2.4,8.25 0,0,0,1 0.5,5,0.5
BT 4.75,-2.4,8.25 0,0,0,1 0.5,5,0.5
BT 5.25,-2.4,8.25 0,0,0,1 0.5,5,0.5
BT 5.75,-2.4,8.25 0,0,0,1 0.5,5,0.5
BT 6.25,-2.4,8.25 0,0,0,1 0.5,5,0.5
BT 6.75,-2.4,8.25 0,0,0,1 0.5,5,0.5
BT 7.25,-2.4,8.25 0,0,0,1 0.5,5,0.5
BT 7.75,-2.4,8.25 0,0,0,1 0.5,5,0.5
BT 8.25,-2.4,8.25 0,0,0,1 0.5,5,0.5
BT 8.75,-2.4,8.25 0,0,0,1 0.5,5,0.5
BT 9.25,-2.4,8.25 0,0,0,1 0.5,5,0.5
BT 9.75,-2.4,8.25 0,0,0,1 0.5,5,0.5
BT 10.25,-2.4,8.25 0,0,0,1 0.5,5,0.5
BT 10.75,-2.4,8.25 0,0,0,1 0.5,5,0.5
BT 11.25,-2.4,8.25 0,0,0,1 0.5,5,0.5
BT 11.75,-2.4,8.25 0,0,0,1 0.5,5,0.5
BT 12.25,-2.4,8.25 0,0,0,1 0.5,5,0.5
BT 12.75,-2.4,8.25 0,0,0,1 0.5,5,0.5
BT 13.25,-2.4,8.25 0,0,0,1 0.5,5,0.5
BT 13.75,-2.4,8.25 0,0,0,1 0.5,5,0.5
BT -13.75,-2.4,7.75 0,0,0,1 0.5,5,0.5
BT -13.25,-2.4,7.75 0,0,0,1 0.5,5,0.5
BT -12.75,-2.4,7.75 0,0,0,1 0.5,5,0.5
BT -12.25,-2.4,7.75 0,0,0,1 0.5,5,0.5
BT -11.75,-2.4,7.75 0,0,0,1 0.5,5,0.5
BT -11.25,-2.4,7.75 0,0,0,1 0.5,5,0.5
BT -10.75,-2.4,7.75 0,0,0,1 0.5,5,0.5
BT -10.25,-2.4,7.75 0,0,0,1 0.5,5,0.5
BT -9.75,-2.4,7.75 0,0,0,1 0.5,5,0.5
BT -9.25,-2.4,7.75 0,0,0,1 0.5,5,0.5
BT -8.75,-2.4,7.75 0,0,0,1 0.5,5,0.5
BT -8.25,-2.4,7.75 0,0,0,1 0.5,5,0.5
BT -7.75,-2.4,7.75 0,0,0,1 0.5,5,0.5
BT -7.25,-2.4,7.75 0,0,0,1 0.5,5,0.5
BT -6.75,-2.4,7.75 0,0,0,1 0.5,5,0.5
BT -6.25,-2.4,7.75 0,0,0,1 0.5,5,0.5
BT -5.75,-2.4,7.75 0,0,0,1 0.5,5,0.5
BT -5.25,-2.4,7.75 0,0,0,1 0.5,5,0.5
BT -4.75,-2.4,7.75 0,0,0,1 0.5,5,0.5
BT 4.75,-2.4,7.75 0,0,0,1 0.5,5,0.5
BT 5.25,-2.4,7.75 0,0,0,1 0.5,5,0.5
BT 5.75,-2.4,7.75 0,0,0,1 0.5,5,0.5
BT 6.25,-2.4,7.75 0,0,0,1 0.5,5,0.5
BT 6.75,-2.4,7.75 0,0,0,1 0.5,5,0.5
BT 7.25,-2.4,7.75 0,0,0,1 0.5,5,0.5
BT 7.75,-2.4,7.75 0,0,0,1 0.5,5,0.5
BT 8.25,-2.4,7.75 0,0,0,1 0.5,5,0.5
BT 8.75,-2.4,7.75 0,0,0,1 0.5,5,0.5
BT 9.25,-2.4,7.75 0,0,0,1 0.5,5,0.5
BT 9.75,-2.4,7.75 0,0,0,1 0.5,5,0.5
BT 10.25,-2.4,7.75 0,0,0,1 0.5,5,0.5
BT 10.75,-2.4,7.75 0,0,0,1 0.5,5,0.5
BT 11.25,-2.4,7.75 0,0,0,1 0.5,5,0.5
BT 11.75,-2.4,7.75 0,0,0,1 0.5,5,0.5
BT 12.25,-2.4,7.75 0,0,0,1 0.5,5,0.5
BT 12.75,-2.4,7.75 0,0,0,1 0.5,5,0.5
BT 13.25,-2.4,7.75 0,0,0,1 0.5,5,0.5
BT 13.75,-2.4,7.75 0,0,0,1 0.5,5,0.5
BT -13.75,-2.4,7.25 0,0,0,1 0.5,5,0.5
BT -13.25,-2.4,7.25 0,0,0,1 0.5,5,0.5
BT -12.75,-2.4,7.25 0,0,0,1 0.5,5,0.5
BT -12.25,-2.4,7.25 0,0,0,1 0.5,5,0.5
BT -11.75,-2.4,7.25 0,0,0,1 0.5,5,0.5
BT -11.25,-2.4,7.25 0,0,0,1 0.5,5,0.5
BT -10.75,-2.4,7.25 0,0,0,1 0.5,5,0.5
BT -10.25,-2.4,7.25 0,0,0,1 0.5,5,0.5
BT -9.75,-2.4,7.25 0,0,0,1 0.5,5,0.5
BT -9.25,-2.4,7.25 0,0,0,1 0.5,5,0.5
BT -8.75,-2.4,7.25 0,0,0,1 0.5,5,0.5
BT -8.25,-2.4,7.25 0,0,0,1 0.5,5,0.5
BT -7.75,-2.4,7.25 0,0,0,1 0.5,5,0.5
BT -7.25,-2.4,7.25 0,0,0,1 0.5,5,0.5
BT -6.75,-2.4,7.25 0,0,0,1 0.5,5,0.5
BT -6.25,-2.4,7.25 0,0,0,1 0.5,5,0.5
BT -5.75,-2.4,7.25 0,0,0,1 0.5,5,0.5
BT -5.25,-2.4,7.25 0,0,0,1 0.5,5,0.5
BT -4.75,-2.4,7.25 0,0,0,1 0.5,5,0.5
BT 4.75,-2.4,7.25 0,0,0,1 0.5,5,0.5
BT 5.25,-2.4,7.25 0,0,0,1 0.5,5,0.5
BT 5.75,-2.4,7.25 0,0,0,1 0.5,5,0.5
BT 6.25,-2.4,7.25 0,0,0,1 0.5,5,0.5
BT 6.75,-2.4,7.25 0,0,0,1 0.5,5,0.5
BT 7.25,-2.4,7.25 0,0,0,1 0.5,5,0.5
BT 7.75,-2.4,7.25 0,0,0,1 0.5,5,0.5
BT 8.25,-2.4,7.25 0,0,0,1 0.5,5,0.5
BT 8.75,-2.4,7.25 0,0,0,1 0.5,5,0.5
BT 9.25,-2.4,7.25 0,0,0,1 0.5,5,0.5
BT 9.75,-2.4,7.25 0,0,0,1 0.5,5,0.5
BT 10.25,-2.4,7.25 0,0,0,1 0.5,5,0.5
BT 10.75,-2.4,7.25 0,0,0,1 0.5,5,0.5
BT 11.25,-2.4,7.25 0,0,0,1 0.5,5,0.5
BT 11.75,-2.4,7.25 0,0,0,1 0.5,5,0.5
BT 12.25,-2.4,7.25 0,0,0,1 0.5,5,0.5
BT 12.75,-2.4,7.25 0,0,0,1 0.5,5,0.5
BT 13.25,-2.4,7.25 0,0,0,1 0.5,5,0.5
BT 13.75,-2.4,7.25 0,0,0,1 0.5,5,0.5
BT -13.75,-2.4,6.75 0,0,0,1 0.5,5,0.5
BT -13.25,-2.4,6.75 0,0,0,1 0.5,5,0.5
BT -12.75,-2.4,6.75 0,0,0,1 0.5,5,0.5
BT -12.25,-2.4,6.75 0,0,0,1 0.5,5,0.5
BT -11.75,-2.4,6.75 0,0,0,1 0.5,5,0.5
BT -11.25,-2.4,6.75 0,0,0,1 0.5,5,0.5
BT -10.75,-2.4,6.75 0,0,0,1 0.5,5,0.5
BT -10.25,-2.4,6.75 0,0,0,1 0.5,5,0.5
BT -9.75,-2.4,6.75 0,0,0,1 0.5,5,0.5
BT -9.25,-2.4,6.75 0,0,0,1 0.5,5,0.5
BT -8.75,-2.4,6.75 0,0,0,1 0.5,5,0.5
BT -8.25,-2.4,6.75 0,0,0,1 0.5,5,0.5
BT -7.75,-2.4,6.75 0,0,0,1 0.5,5,0.5
BT 7.75,-2.4,6.75 0,0,0,1 0.5,5,0.5
BT 8.25,-2.4,6.75 0,0,0,1 0.5,5,0.5
BT 8.75,-2.4,6.75 0,0,0,1 0.5,5,0.5
BT 9.25,-2.4,6.75 0,0,0,1 0.5,5,0.5
BT 9.75,-2.4,6.75 0,0,0,1 0.5,5,0.5
BT 10.25,-2.4,6.75 0,0,0,1 0.5,5,0.5
BT 10.75,-2.4,6.75 0,0,0,1 0.5,5,0.5
BT 11.25,-2.4,6.75 0,0,0,1 0.5,5,0.5
BT 11.75,-2.4,6.75 0,0,0,1 0.5,5,0.5
BT 12.25,-2.4,6.75 0,0,0,1 0.5,5,0.5
BT 12.75,-2.4,6.75 0,0,0,1 0.5,5,0.5
BT 13.25,-2.4,6.75 0,0,0,1 0.5,5,0.5
BT 13.75,-2.4,6.75 0,0,0,1 0.5,5,0.5
BT -13.75,-2.4,6.25 0,0,0,1 0.5,5,0.5
BT -13.25,-2.4,6.25 0,0,0,1 0.5,5,0.5
BT -12.75,-2.4,6.25 0,0,0,1 0.5,5,0.5
BT -12.25,-2.4,6.25 0,0,0,1 0.5,5,0.5
BT -11.75,-2.4,6.25 0,0,0,1 0.5,5,0.5
BT -11.25,-2.4,6.25 0,0,0,1 0.5,5,0.5
BT -10.75,-2.4,6.25 0,0,0,1 0.5,5,0.5
BT -10.25,-2.4,6.25 0,0,0,1 0.5,5,0.5
BT -9.75,-2.4,6.25 0,0,0,1 0.5,5,0.5
BT -9.25,-2.4,6.25 0,0,0,1 0.5,5,0.5
BT -8.75,-2.4,6.25 0,0,0,1 0.5,5,0.5
BT -8.25,-2.4,6.25 0,0,0,1 0.5,5,0.5
BT -7.75,-2.4,6.25 0,0,0,1 0.5,5,0.5
BT 7.75,-2.4,6.25 0,0,0,1 0.5,5,0.5
BT 8.25,-2.4,6.25 0,0,0,1 0.5,5,0.5
BT 8.75,-2.4,6.25 0,0,0,1 0.5,5,0.5
BT 9.25,-2.4,6.25 0,0,0,1 0.5,5,0.5
BT 9.75,-2.4,6.25 0,0,0,1 0.5,5,0.5
BT 10.25,-2.4,6.25 0,0,0,1 0.5,5,0.5
BT 10.75,-2.4,6.25 0,0,0,1 0.5,5,0.5
BT 11.25,-2.4,6.25 0,0,0,1 0.5,5,0.5
BT 11.75,-2.4,6.25 0,0,0,1 0.5,5,0.5
BT 12.25,-2.4,6.25 0,0,0,1 0.5,5,0.5
BT 12.75,-2.4,6.25 0,0,0,1 0.5,5,0.5
BT 13.25,-2.4,6.25 0,0,0,1 0.5,5,0.5
BT 13.75,-2.4,6.25 0,0,0,1 0.5,5,0.5
BT -13.75,-2.4,5.75 0,0,0,1 0.5,5,0.5
BT -13.25,-2.4,5.75 0,0,0,1 0.5,5,0.5
BT -12.75,-2.4,5.75 0,0,0,1 0.5,5,0.5
BT -12.25,-2.4,5.75 0,0,0,1 0.5,5,0.5
BT -11.75,-2.4,5.75 0,0,0,1 0.5,5,0.5
BT -11.25,-2.4,5.75 0,0,0,1 0.5,5,0.5
BT -10.75,-2.4,5.75 0,0,0,1 0.5,5,0.5
BT -10.25,-2.4,5.75 0,0,0,1 0.5,5,0.5
BT -9.75,-2.4,5.75 0,0,0,1 0.5,5,0.5
BT -9.25,-2.4,5.75 0,0,0,1 0.5,5,0.5
BT -8.75,-2.4,5.75 0,0,0,1 0.5,5,0.5
BT -8.25,-2.4,5.75 0,0,0,1 0.5,5,0.5
BT -7.75,-2.4,5.75 0,0,0,1 0.5,5,0.5
BT 7.75,-2.4,5.75 0,0,0,1 0.5,5,0.5
BT 8.25,-2.4,5.75 0,0,0,1 0.5,5,0.5
BT 8.75,-2.4,5.75 0,0,0,1 0.5,5,0.5
BT 9.25,-2.4,5.75 0,0,0,1 0.5,5,0.5
BT 9.75,-2.4,5.75 0,0,0,1 0.5,5,0.5
BT 10.25,-2.4,5.75 0,0,0,1 0.5,5,0.5
BT 10.75,-2.4,5.75 0,0,0,1 0.5,5,0.5
BT 11.25,-2.4,5.75 0,0,0,1 0.5,5,0.5
BT 11.75,-2.4,5.75 0,0,0,1 0.5,5,0.5
BT 12.25,-2.4,5.75 0,0,0,1 0.5,5,0.5
BT 12.75,-2.4,5.75 0,0,0,1 0.5,5,0.5
BT 13.25,-2.4,5.75 0,0,0,1 0.5,5,0.5
BT 13.75,-2.4,5.75 0,0,0,1 0.5,5,0.5
BT -13.75,-2.4,5.25 0,0,0,1 0.5,5,0.5
BT -13.25,-2.4,5.25 0,0,0,1 0.5,5,0.5
BT -12.75,-2.4,5.25 0,0,0,1 0.5,5,0.5
BT -12.25,-2.4,5.25 0,0,0,1 0.5,5,0.5
BT -11.75,-2.4,5.25 0,0,0,1 0.5,5,0.5
BT -11.25,-2.4,5.25 0,0,0,1 0.5,5,0.5
BT -10.75,-2.4,5.25 0,0,0,1 0.5,5,0.5
BT -10.25,-2.4,5.25 0,0,0,1 0.5,5,0.5
BT -9.75,-2.4,5.25 0,0,0,1 0.5,5,0.5
BT -9.25,-2.4,5.25 0,0,0,1 0.5,5,0.5
BT -8.75,-2.4,5.25 0,0,0,1 0.5,5,0.5
BT -8.25,-2.4,5.25 0,0,0,1 0.5,5,0.5
BT -7.75,-2.4,5.25 0,0,0,1 0.5,5,0.5
BT 7.75,-2.4,5.25 0,0,0,1 0.5,5,0.5
BT 8.25,-2.4,5.25 0,0,0,1 0.5,5,0.5
BT 8.75,-2.4,5.25 0,0,0,1 0.5,5,0.5
BT 9.25,-2.4,5.25 0,0,0,1 0.5,5,0.5
BT 9.75,-2.4,5.25 0,0,0,1 0.5,5,0.5
BT 10.25,-2.4,5.25 0,0,0,1 0.5,5,0.5
BT 10.75,-2.4,5.25 0,0,0,1 0.5,5,0.5
BT 11.25,-2.4,5.25 0,0,0,1 0.5,5,0.5
BT 11.75,-2.4,5.25 0,0,0,1 0.5,5,0.5
BT 12.25,-2.4,5.25 0,0,0,1 0.5,5,0.5
BT 12.75,-2.4,5.25 0,0,0,1 0.5,5,0.5
BT 13.25,-2.4,5.25 0,0,0,1 0.5,5,0.5
BT 13.75,-2.4,5.25 0,0,0,1 0.5,5,0.5
BT -13.75,-2.4,4.75 0,0,0,1 0.5,5,0.5
BT -13.25,-2.4,4.75 0,0,0,1 0.5,5,0.5
BT -12.75,-2.4,4.75 0,0,0,1 0.5,5,0.5
BT -12.25,-2.4,4.75 0,0,0,1 0.5,5,0.5
BT -11.75,-2.4,4.75 0,0,0,1 0.5,5,0.5
BT -11.25,-2.4,4.75 0,0,0,1 0.5,5,0.5
BT -10.75,-2.4,4.75 0,0,0,1 0.5,5,0.5
BT -10.25,-2.4,4.75 0,0,0,1 0.5,5,0.5
BT -9.75,-2.4,4.75 0,0,0,1 0.5,5,0.5
BT -9.25,-2.4,4.75 0,0,0,1 0.5,5,0.5
BT -8.75,-2.4,4.75 0,0,0,1 0.5,5,0.5
BT -8.25,-2.4,4.75 0,0,0,1 0.5,5,0.5
BT -7.75,-2.4,4.75 0,0,0,1 0.5,5,0.5
BT 7.75,-2.4,4.75 0,0,0,1 0.5,5,0.5
BT 8.25,-2.4,4.75 0,0,0,1 0.5,5,0.5
BT 8.75,-2.4,4.75 0,0,0,1 0.5,5,0.5
BT 9.25,-2.4,4.75 0,0,0,1 0.5,5,0.5
BT 9.75,-2.4,4.75 0,0,0,1 0.5,5,0.5
BT 10.25,-2.4,4.75 0,0,0,1 0.5,5,0.5
BT 10.75,-2.4,4.75 0,0,0,1 0.5,5,0.5
BT 11.25,-2.4,4.75 0,0,0,1 0.5,5,0.5
BT 11.75,-2.4,4.75 0,0,0,1 0.5,5,0.5
BT 12.25,-2.4,4.75 0,0,0,1 0.5,5,0.5
BT 12.75,-2.4,4.75 0,0,0,1 0.5,5,0.5
BT 13.25,-2.4,4.75 0,0,0,1 0.5,5,0.5
BT 13.75,-2.4,4.75 0,0,0,1 0.5,5,0.5
BT -13.25,-2.4,4.25 0,0,0,1 0.5,5,0.5
BT -12.75,-2.4,4.25 0,0,0,1 0.5,5,0.5
BT -12.25,-2.4,4.25 0,0,0,1 0.5,5,0.5
BT -11.75,-2.4,4.25 0,0,0,1 0.5,5,0.5
BT -11.25,-2.4,4.25 0,0,0,1 0.5,5,0.5
BT -10.75,-2.4,4.25 0,0,0,1 0.5,5,0.5
BT -10.25,-2.4,4.25 0,0,0,1 0.5,5,0.5
BT -9.75,-2.4,4.25 0,0,0,1 0.5,5,0.5
BT -9.25,-2.4,4.25 0,0,0,1 0.5,5,0.5
BT -8.75,-2.4,4.25 0,0,0,1 0.5,5,0.5
BT -8.25,-2.4,4.25 0,0,0,1 0.5,5,0.5
BT -7.75,-2.4,4.25 0,0,0,1 0.5,5,0.5
BT 7.75,-2.4,4.25 0,0,0,1 0.5,5,0.5
BT 8.25,-2.4,4.25 0,0,0,1 0.5,5,0.5
BT 8.75,-2.4,4.25 0,0,0,1 0.5,5,0.5
BT 9.25,-2.4,4.25 0,0,0,1 0.5,5,0.5
BT 9.75,-2.4,4.25 0,0,0,1 0.5,5,0.5
BT 10.25,-2.4,4.25 0,0,0,1 0.5,5,0.5
BT 10.75,-2.4,4.25 0,0,0,1 0.5,5,0.5
BT 11.25,-2.4,4.25 0,0,0,1 0.5,5,0.5
BT 11.75,-2.4,4.25 0,0,0,1 0.5,5,0.5
BT 12.25,-2.4,4.25 0,0,0,1 0.5,5,0.5
BT 12.75,-2.4,4.25 0,0,0,1 0.5,5,0.5
BT 13.25,-2.4,4.25 0,0,0,1 0.5,5,0.5
BT -13.25,-2.4,3.75 0,0,0,1 0.5,5,0.5
BT -12.75,-2.4,3.75 0,0,0,1 0.5,5,0.5
BT -12.25,-2.4,3.75 0,0,0,1 0.5,5,0.5
BT -11.75,-2.4,3.75 0,0,0,1 0.5,5,0.5
BT -11.25,-2.4,3.75 0,0,0,1 0.5,5,0.5
BT -10.75,-2.4,3.75 0,0,0,1 0.5,5,0.5
BT -10.25,-2.4,3.75 0,0,0,1 0.5,5,0.5
BT -9.75,-2.4,3.75 0,0,0,1 0.5,5,0.5
BT -9.25,-2.4,3.75 0,0,0,1 0.5,5,0.5
BT -8.75,-2.4,3.75 0,0,0,1 0.5,5,0.5
BT -8.25,-2.4,3.75 0,0,0,1 0.5,5,0.5
BT -7.75,-2.4,3.75 0,0,0,1 0.5,5,0.5
BT 7.75,-2.4,3.75 0,0,0,1 0.5,5,0.5
BT 8.25,-2.4,3.75 0,0,0,1 0.5,5,0.5
BT 8.75,-2.4,3.75 0,0,0,1 0.5,5,0.5
BT 9.25,-2.4,3.75 0,0,0,1 0.5,5,0.5
BT 9.75,-2.4,3.75 0,0,0,1 0.5,5,0.5
BT 10.25,-2.4,3.75 0,0,0,1 0.5,5,0.5
BT 10.75,-2.4,3.75 0,0,0,1 0.5,5,0.5
BT 11.25,-2.4,3.75 0,0,0,1 0.5,5,0.5
BT 11.75,-2.4,3.75 0,0,0,1 0.5,5,0.5
BT 12.25,-2.4,3.75 0,0,0,1 0.5,5,0.5
BT 12.75,-2.4,3.75 0,0,0,1 0.5,5,0.5
BT 13.25,-2.4,3.75 0,0,0,1 0.5,5,0.5
BT -12.75,-2.4,3.25 0,0,0,1 0.5,5,0.5
BT -12.25,-2.4,3.25 0,0,0,1 0.5,5,0.5
BT -11.75,-2.4,3.25 0,0,0,1 0.5,5,0.5
BT -11.25,-2.4,3.25 0,0,0,1 0.5,5,0.5
BT -10.75,-2.4,3.25 0,0,0,1 0.5,5,0.5
BT -10.25,-2.4,3.25 0,0,0,1 0.5,5,0.5
BT -9.75,-2.4,3.25 0,0,0,1 0.5,5,0.5
BT -9.25,-2.4,3.25 0,0,0,1 0.5,5,0.5
BT -8.75,-2.4,3.25 0,0,0,1 0.5,5,0.5
BT -8.25,-2.4,3.25 0,0,0,1 0.5,5,0.5
BT -7.75,-2.4,3.25 0,0,0,1 0.5,5,0.5
BT 7.75,-2.4,3.25 0,0,0,1 0.5,5,0.5
BT 8.25,-2.4,3.25 0,0,0,1 0.5,5,0.5
BT 8.75,-2.4,3.25 0,0,0,1 0.5,5,0.5
BT 9.25,-2.4,3.25 0,0,0,1 0.5,5,0.5
BT 9.75,-2.4,3.25 0,0,0,1 0.5,5,0.5
BT 10.25,-2.4,3.25 0,0,0,1 0.5,5,0.5
BT 10.75,-2.4,3.25 0,0,0,1 0.5,5,0.5
BT 11.25,-2.4,3.25 0,0,0,1 0.5,5,0.5
BT 11.75,-2.4,3.25 0,0,0,1 0.5,5,0.5
BT 12.25,-2.4,3.25 0,0,0,1 0.5,5,0.5
BT 12.75,-2.4,3.25 0,0,0,1 0.5,5,0.5
BT -12.25,-2.4,2.75 0,0,0,1 0.5,5,0.5
BT -11.75,-2.4,2.75 0,0,0,1 0.5,5,0.5
BT -11.25,-2.4,2.75 0,0,0,1 0.5,5,0.5
BT -10.75,-2.4,2.75 0,0,0,1 0.5,5,0.5
BT -10.25,-2.4,2.75 0,0,0,1 0.5,5,0.5
BT -9.75,-2.4,2.75 0,0,0,1 0.5,5,0.5
BT -9.25,-2.4,2.75 0,0,0,1 0.5,5,0.5
BT -8.75,-2.4,2.75 0,0,0,1 0.5,5,0.5
BT -8.25,-2.4,2.75 0,0,0,1 0.5,5,0.5
BT -7.75,-2.4,2.75 0,0,0,1 0.5,5,0.5
BT -7.25,-2.4,2.75 0,0,0,1 0.5,5,0.5
BT -6.75,-2.4,2.75 0,0,0,1 0.5,5,0.5
BT -6.25,-2.4,2.75 0,0,0,1 0.5,5,0.5
BT -5.75,-2.4,2.75 0,0,0,1 0.5,5,0.5
BT -5.25,-2.4,2.75 0,0,0,1 0.5,5,0.5
BT -4.75,-2.4,2.75 0,0,0,1 0.5,5,0.5
BT -4.25,-2.4,2.75 0,0,0,1 0.5,5,0.5
BT -3.75,-2.4,2.75 0,0,0,1 0.5,5,0.5
BT -3.25,-2.4,2.75 0,0,0,1 0.5,5,0.5
BT -2.75,-2.4,2.75 0,0,0,1 0.5,5,0.5
BT -2.25,-2.4,2.75 0,0,0,1 0.5,5,0.5
BT -1.75,-2.4,2.75 0,0,0,1 0.5,5,0.5
BT -1.25,-2.4,2.75 0,0,0,1 0.5,5,0.5
BT -0.75,-2.4,2.75 0,0,0,1 0.5,5,0.5
BT -0.25,-2.4,2.75 0,0,0,1 0.5,5,0.5
BT 0.25,-2.4,2.75 0,0,0,1 0.5,5,0.5
BT 0.75,-2.4,2.75 0,0,0,1 0.5,5,0.5
BT 1.25,-2.4,2.75 0,0,0,1 0.5,5,0.5
BT 1.75,-2.4,2.75 0,0,0,1 0.5,5,0.5
BT 2.25,-2.4,2.75 0,0,0,1 0.5,5,0.5
BT 2.75,-2.4,2.75 0,0,0,1 0.5,5,0.5
BT 3.25,-2.4,2.75 0,0,0,1 0.5,5,0.5
BT 3.75,-2.4,2.75 0,0,0,1 0.5,5,0.5
BT 4.25,-2.4,2.75 0,0,0,1 0.5,5,0.5
BT 4.75,-2.4,2.75 0,0,0,1 0.5,5,0.5
BT 5.25,-2.4,2.75 0,0,0,1 0.5,5,0.5
BT 5.75,-2.4,2.75 0,0,0,1 0.5,5,0.5
BT 6.25,-2.4,2.75 0,0,0,1 0.5,5,0.5
BT 6.75,-2.4,2.75 0,0,0,1 0.5,5,0.5
BT 7.25,-2.4,2.75 0,0,0,1 0.5,5,0.5
BT 7.75,-2.4,2.75 0,0,0,1 0.5,5,0.5
BT 8.25,-2.4,2.75 0,0,0,1 0.5,5,0.5
BT 8.75,-2.4,2.75 0,0,0,1 0.5,5,0.5
BT 9.25,-2.4,2.75 0,0,0,1 0.5,5,0.5
BT 9.75,-2.4,2.75 0,0,0,1 0.5,5,0.5
BT 10.25,-2.4,2.75 0,0,0,1 0.5,5,0.5
BT 10.75,-2.4,2.75 0,0,0,1 0.5,5,0.5
BT 11.25,-2.4,2.75 0,0,0,1 0.5,5,0.5
BT 11.75,-2.4,2.75 0,0,0,1 0.5,5,0.5
BT 12.25,-2.4,2.75 0,0,0,1 0.5,5,0.5
BT -11.75,-2.4,2.25 0,0,0,1 0.5,5,0.5
BT -11.25,-2.4,2.25 0,0,0,1 0.5,5,0.5
BT -10.75,-2.4,2.25 0,0,0,1 0.5,5,0.5
BT -10.25,-2.4,2.25 0,0,0,1 0.5,5,0.5
BT -9.75,-2.4,2.25 0,0,0,1 0.5,5,0.5
BT -9.25,-2.4,2.25 0,0,0,1 0.5,5,0.5
BT -8.75,-2.4,2.25 0,0,0,1 0.5,5,0.5
BT -8.25,-2.4,2.25 0,0,0,1 0.5,5,0.5
BT -7.75,-2.4,2.25 0,0,0,1 0.5,5,0.5
BT -7.25,-2.4,2.25 0,0,0,1 0.5,5,0.5
BT -6.75,-2.4,2.25 0,0,0,1 0.5,5,0.5
BT -6.25,-2.4,2.25 0,0,0,1 0.5,5,0.5
BT -5.75,-2.4,2.25 0,0,0,1 0.5,5,0.5
BT -5.25,-2.4,2.25 0,0,0,1 0.5,5,0.5
BT -4.75,-2.4,2.25 0,0,0,1 0.5,5,0.5
BT -4.25,-2.4,2.25 0,0,0,1 0.5,5,0.5
BT -3.75,-2.4,2.25 0,0,0,1 0.5,5,0.5
BT -3.25,-2.4,2.25 0,0,0,1 0.5,5,0.5
BT -2.75,-2.4,2.25 0,0,0,1 0.5,5,0.5
BT -2.25,-2.4,2.25 0,0,0,1 0.5,5,0.5
BT -1.75,-2.4,2.25 0,0,0,1 0.5,5,0.5
BT -1.25,-2.4,2.25 0,0,0,1 0.5,5,0.5
BT -0.75,-2.4,2.25 0,0,0,1 0.5,5,0.5
BT -0.25,-2.4,2.25 0,0,0,1 0.5,5,0.5
BT 0.25,-2.4,2.25 0,0,0,1 0.5,5,0.5
BT 0.75,-2.4,2.25 0,0,0,1 0.5,5,0.5
BT 1.25,-2.4,2.25 0,0,0,1 0.5,5,0.5
BT 1.75,-2.4,2.25 0,0,0,1 0.5,5,0.5
BT 2.25,-2.4,2.25 0,0,0,1 0.5,5,0.5
BT 2.75,-2.4,2.25 0,0,0,1 0.5,5,0.5
BT 3.25,-2.4,2.25 0,0,0,1 0.5,5,0.5
BT 3.75,-2.4,2.25 0,0,0,1 0.5,5,0.5
BT 4.25,-2.4,2.25 0,0,0,1 0.5,5,0.5
BT 4.75,-2.4,2.25 0,0,0,1 0.5,5,0.5
BT 5.25,-2.4,2.25 0,0,0,1 0.5,5,0.5
BT 5.75,-2.4,2.25 0,0,0,1 0.5,5,0.5
BT 6.25,-2.4,2.25 0,0,0,1 0.5,5,0.5
BT 6.75,-2.4,2.25 0,0,0,1 0.5,5,0.5
BT 7.25,-2.4,2.25 0,0,0,1 0.5,5,0.5
BT 7.75,-2.4,2.25 0,0,0,1 0.5,5,0.5
BT 8.25,-2.4,2.25 0,0,0,1 0.5,5,0.5
BT 8.75,-2.4,2.25 0,0,0,1 0.5,5,0.5
BT 9.25,-2.4,2.25 0,0,0,1 0.5,5,0.5
BT 9.75,-2.4,2.25 0,0,0,1 0.5,5,0.5
BT 10.25,-2.4,2.25 0,0,0,1 0.5,5,0.5
BT 10.75,-2.4,2.25 0,0,0,1 0.5,5,0.5
BT 11.25,-2.4,2.25 0,0,0,1 0.5,5,0.5
BT 11.75,-2.4,2.25 0,0,0,1 0.5,5,0.5
BT -11.25,-2.4,1.75 0,0,0,1 0.5,5,0.5
BT -10.75,-2.4,1.75 0,0,0,1 0.5,5,0.5
BT -10.25,-2.4,1.75 0,0,0,1 0.5,5,0.5
BT -9.75,-2.4,1.75 0,0,0,1 0.5,5,0.5
BT -9.25,-2.4,1.75 0,0,0,1 0.5,5,0.5
BT -8.75,-2.4,1.75 0,0,0,1 0.5,5,0.5
BT -8.25,-2.4,1.75 0,0,0,1 0.5,5,0.5
BT -7.75,-2.4,1.75 0,0,0,1 0.5,5,0.5
BT -7.25,-2.4,1.75 0,0,0,1 0.5,5,0.5
BT -6.75,-2.4,1.75 0,0,0,1 0.5,5,0.5
BT -6.25,-2.4,1.75 0,0,0,1 0.5,5,0.5
BT -5.75,-2.4,1.75 0,0,0,1 0.5,5,0.5
BT -5.25,-2.4,1.75 0,0,0,1 0.5,5,0.5
BT -4.75,-2.4,1.75 0,0,0,1 0.5,5,0.5
BT -4.25,-2.4,1.75 0,0,0,1 0.5,5,0.5
BT -3.75,-2.4,1.75 0,0,0,1 0.5,5,0.5
BT -3.25,-2.4,1.75 0,0,0,1 0.5,5,0.5
BT -2.75,-2.4,1.75 0,0,0,1 0.5,5,0.5
BT -2.25,-2.4,1.75 0,0,0,1 0.5,5,0.5
BT -1.75,-2.4,1.75 0,0,0,1 0.5,5,0.5
BT -1.25,-2.4,1.75 0,0,0,1 0.5,5,0.5
BT -0.75,-2.4,1.75 0,0,0,1 0.5,5,0.5
BT -0.25,-2.4,1.75 0,0,0,1 0.5,5,0.5
BT 0.25,-2.4,1.75 0,0,0,1 0.5,5,0.5
BT 0.75,-2.4,1.75 0,0,0,1 0.5,5,0.5
BT 1.25,-2.4,1.75 0,0,0,1 0.5,5,0.5
BT 1.75,-2.4,1.75 0,0,0,1 0.5,5,0.5
BT 2.25,-2.4,1.75 0,0,0,1 0.5,5,0.5
BT 2.75,-2.4,1.75 0,0,0,1 0.5,5,0.5
BT 3.25,-2.4,1.75 0,0,0,1 0.5,5,0.5
BT 3.75,-2.4,1.75 0,0,0,1 0.5,5,0.5
BT 4.25,-2.4,1.75 0,0,0,1 0.5,5,0.5
BT 4.75,-2.4,1.75 0,0,0,1 0.5,5,0.5
BT 5.25,-2.4,1.75 0,0,0,1 0.5,5,0.5
BT 5.75,-2.4,1.75 0,0,0,1 0.5,5,0.5
BT 6.25,-2.4,1.75 0,0,0,1 0.5,5,0.5
BT 6.75,-2.4,1.75 0,0,0,1 0.5,5,0.5
BT 7.25,-2.4,1.75 0,0,0,1 0.5,5,0.5
BT 7.75,-2.4,1.75 0,0,0,1 0.5,5,0.5
BT 8.25,-2.4,1.75 0,0,0,1 0.5,5,0.5
BT 8.75,-2.4,1.75 0,0,0,1 0.5,5,0.5
BT 9.25,-2.4,1.75 0,0,0,1 0.5,5,0.5
BT 9.75,-2.4,1.75 0,0,0,1 0.5,5,0.5
BT 10.25,-2.4,1.75 0,0,0,1 0.5,5,0.5
BT 10.75,-2.4,1.75 0,0,0,1 0.5,5,0.5
BT 11.25,-2.4,1.75 0,0,0,1 0.5,5,0.5
BT -10.5,-2.4,1.25 0,0,0,1 0.5,5,0.5
BT -10,-2.4,1.25 0,0,0,1 0.5,5,0.5
BT -9.5,-2.4,1.25 0,0,0,1 0.5,5,0.5
BT -9,-2.4,1.25 0,0,0,1 0.5,5,0.5
BT -8.5,-2.4,1.25 0,0,0,1 0.5,5,0.5
BT -8,-2.4,1.25 0,0,0,1 0.5,5,0.5
BT -7.5,-2.4,1.25 0,0,0,1 0.5,5,0.5
BT -7,-2.4,1.25 0,0,0,1 0.5,5,0.5
BT -6.5,-2.4,1.25 0,0,0,1 0.5,5,0.5
BT -6,-2.4,1.25 0,0,0,1 0.5,5,0.5
BT -5.5,-2.4,1.25 0,0,0,1 0.5,5,0.5
BT -5,-2.4,1.25 0,0,0,1 0.5,5,0.5
BT -4.5,-2.4,1.25 0,0,0,1 0.5,5,0.5
BT -4,-2.4,1.25 0,0,0,1 0.5,5,0.5
BT -3.5,-2.4,1.25 0,0,0,1 0.5,5,0.5
BT -3,-2.4,1.25 0,0,0,1 0.5,5,0.5
BT -2.5,-2.4,1.25 0,0,0,1 0.5,5,0.5
BT -2,-2.4,1.25 0,0,0,1 0.5,5,0.5
BT -1.5,-2.4,1.25 0,0,0,1 0.5,5,0.5
BT -1,-2.4,1.25 0,0,0,1 0.5,5,0.5
BT -0.5,-2.4,1.25 0,0,0,1 0.5,5,0.5
BT 0,-2.4,1.25 0,0,0,1 0.5,5,0.5
BT 0.5,-2.4,1.25 0,0,0,1 0.5,5,0.5
BT 1,-2.4,1.25 0,0,0,1 0.5,5,0.5
BT 1.5,-2.4,1.25 0,0,0,1 0.5,5,0.5
BT 2,-2.4,1.25 0,0,0,1 0.5,5,0.5
BT 2.5,-2.4,1.25 0,0,0,1 0.5,5,0.5
BT 3,-2.4,1.25 0,0,0,1 0.5,5,0.5
BT 3.5,-2.4,1.25 0,0,0,1 0.5,5,0.5
BT 4,-2.4,1.25 0,0,0,1 0.5,5,0.5
BT 4.5,-2.4,1.25 0,0,0,1 0.5,5,0.5
BT 5,-2.4,1.25 0,0,0,1 0.5,5,0.5
BT 5.5,-2.4,1.25 0,0,0,1 0.5,5,0.5
BT 6,-2.4,1.25 0,0,0,1 0.5,5,0.5
BT 6.5,-2.4,1.25 0,0,0,1 0.5,5,0.5
BT 7,-2.4,1.25 0,0,0,1 0.5,5,0.5
BT 7.5,-2.4,1.25 0,0,0,1 0.5,5,0.5
BT 8,-2.4,1.25 0,0,0,1 0.5,5,0.5
BT 8.5,-2.4,1.25 0,0,0,1 0.5,5,0.5
BT 9,-2.4,1.25 0,0,0,1 0.5,5,0.5
BT 9.5,-2.4,1.25 0,0,0,1 0.5,5,0.5
BT 10,-2.4,1.25 0,0,0,1 0.5,5,0.5
BT 10.5,-2.4,1.25 0,0,0,1 0.5,5,0.5
BT -9.75,-2.4,0.75 0,0,0,1 0.5,5,0.5
BT -9.25,-2.4,0.75 0,0,0,1 0.5,5,0.5
BT -8.75,-2.4,0.75 0,0,0,1 0.5,5,0.5
BT -8.25,-2.4,0.75 0,0,0,1 0.5,5,0.5
BT -7.75,-2.4,0.75 0,0,0,1 0.5,5,0.5
BT -7.25,-2.4,0.75 0,0,0,1 0.5,5,0.5
BT -6.75,-2.4,0.75 0,0,0,1 0.5,5,0.5
BT -6.25,-2.4,0.75 0,0,0,1 0.5,5,0.5
BT -5.75,-2.4,0.75 0,0,0,1 0.5,5,0.5
BT -5.25,-2.4,0.75 0,0,0,1 0.5,5,0.5
BT -4.75,-2.4,0.75 0,0,0,1 0.5,5,0.5
BT -4.25,-2.4,0.75 0,0,0,1 0.5,5,0.5
BT -3.75,-2.4,0.75 0,0,0,1 0.5,5,0.5
BT -3.25,-2.4,0.75 0,0,0,1 0.5,5,0.5
BT -2.75,-2.4,0.75 0,0,0,1 0.5,5,0.5
BT -2.25,-2.4,0.75 0,0,0,1 0.5,5,0.5
BT -1.75,-2.4,0.75 0,0,0,1 0.5,5,0.5
BT -1.25,-2.4,0.75 0,0,0,1 0.5,5,0.5
BT -0.75,-2.4,0.75 0,0,0,1 0.5,5,0.5
BT -0.25,-2.4,0.75 0,0,0,1 0.5,5,0.5
BT 0.25,-2.4,0.75 0,0,0,1 0.5,5,0.5
BT 0.75,-2.4,0.75 0,0,0,1 0.5,5,0.5
BT 1.25,-2.4,0.75 0,0,0,1 0.5,5,0.5
BT 1.75,-2.4,0.75 0,0,0,1 0.5,5,0.5
BT 2.25,-2.4,0.75 0,0,0,1 0.5,5,0.5
BT 2.75,-2.4,0.75 0,0,0,1 0.5,5,0.5
BT 3.25,-2.4,0.75 0,0,0,1 0.5,5,0.5
BT 3.75,-2.4,0.75 0,0,0,1 0.5,5,0.5
BT 4.25,-2.4,0.75 0,0,0,1 0.5,5,0.5
BT 4.75,-2.4,0.75 0,0,0,1 0.5,5,0.5
BT 5.25,-2.4,0.75 0,0,0,1 0.5,5,0.5
BT 5.75,-2.4,0.75 0,0,0,1 0.5,5,0.5
BT 6.25,-2.4,0.75 0,0,0,1 0.5,5,0.5
BT 6.75,-2.4,0.75 0,0,0,1 0.5,5,0.5
BT 7.25,-2.4,0.75 0,0,0,1 0.5,5,0.5
BT 7.75,-2.4,0.75 0,0,0,1 0.5,5,0.5
BT 8.25,-2.4,0.75 0,0,0,1 0.5,5,0.5
BT 8.75,-2.4,0.75 0,0,0,1 0.5,5,0.5
BT 9.25,-2.4,0.75 0,0,0,1 0.5,5,0.5
BT 9.75,-2.4,0.75 0,0,0,1 0.5,5,0.5
C-1_1 -15.5,5.5,12 0,0,0,1 3,11,0.5
C-1_2 -15.5,5.5,9.75 0,0,0,1 3,11,0.5
C-1_3 -14,5.5,9 0,0,0,1 3,11,0.5
C-1_4 -14,5.5,8 0,0,0,1 3,11,0.5
C-2_1 15.5,5.5,12 0,0,0,1 3,11,0.5
C-2_2 15.5,5.5,9.75 0,0,0,1 3,11,0.5
C-2_3 14,5.5,8.5 0,0,0,1 3,11,0.5
C-2_4 14,5.5,7.5 0,0,0,1 3,11,0.5
