欧拉角转换向量
1390.530029,-848.005981,1685.739990	-0.468006,-0.787946,0.400139
向量转换欧拉角
0.335399,7.313760,-1.734980	-10.941216,76.416893,0.000000
欧拉角转换四元数
916.892029,1716.390015,-89.156700	-0.384814,0.447784,-0.593917,-0.546507
四元数转换欧拉角
-0.350955,-0.578913,0.641372,0.361017	-119.590096,-3.253143,-86.034004
欧拉角转换矩阵
455.122986,934.690002,1016.650024	0.466590,0.734890,-0.492170,0.000000,-0.334069,-0.368809,-0.867397,0.000000,-0.818958,0.569137,0.073421,0.000000,0.000000,0.000000,0.000000,1.000000
矩阵转换欧拉角
-0.175341,-0.969124,-0.173363,0.000000,0.406752,-0.231670,0.883675,0.000000,-0.896554,0.084429,0.434814,0.000000,0.000000,0.000000,0.000000,1.000000	-64.127373,-4.843185,-103.444305
矩阵转换四元数
0.397787,-0.282292,-0.872970,0.000000,0.908245,-0.013488,0.418222,0.000000,-0.129835,-0.959234,0.251025,0.000000,0.000000,0.000000,0.000000,1.000000	0.639399,0.538575,0.290560,-0.465491
四元数转换矩阵
0.786626,-0.289461,0.428451,-0.337434	0.405136,-0.778908,-0.478713,0.000000,0.282829,0.604701,-0.744543,0.000000,0.869409,0.166247,0.465284,0.000000,0.000000,0.000000,0.000000,1.000000
矩阵正交化
-7.638480,2.270270,8.052920,0.000000,-1.530500,-8.933680,-9.685660,0.000000,5.700550,-2.591940,6.923730,0.000000,0.000000,0.000000,0.000000,1.000000	-0.674231,0.200392,0.710813,0.000000,-0.616459,-0.682722,-0.392261,0.000000,0.406682,-0.702662,0.583846,0.000000,0.000000,0.000000,0.000000,1.000000
欧拉角标准化
-579.601013,275.929993,1325.160034	140.398987,-84.070007,-114.839966
四元数单位化
5.307470,8.091980,-8.887290,-5.794550	0.369601,0.563508,-0.618891,-0.403520
四元数相乘
-0.031934,-0.357079,-0.808563,0.466583	0.499962,-0.096891,-0.563242,-0.650699	-0.202375,-0.964362,-0.108706,0.131274
四元数求差
-0.430219,0.605519,0.242836,0.623931	0.204956,-0.588128,0.562024,-0.544268	-0.647404,-0.353913,-0.328951,0.589410
四元数点乘
0.577718,0.750205,-0.164315,-0.276469	-0.553332,-0.411167,0.583176,0.429734	-0.842762
四元数求逆
-9.429300,5.719470,4.501170,-4.341870	-0.058663,-0.035583,-0.028003,0.027012
四元数求角度和旋转轴
0.540670,0.568707,-0.558614,-0.268698	114.541473	0.676038,-0.664041,-0.319409
四元数插值
0.199748,-0.632825,-0.746493,-0.048798	0.175519,-0.603019,0.729829,0.270020	0.819147	-0.111719,0.397620,-0.871681,-0.263799
